4609.0 4609.0 3832.0 3832.0 2981.0 3130.0 2098.0 5358.0 2206.0 4057.0 738.0 11.0 6624.0 744.0 5053.0 1055.0 1500.0 5056.0 4071.0 2374.0 6194.0 1479.0 1752.0 429.0 3115.0 1559.0 2726.0 4016.0 1634.0 1053.0 3302.0 1633.0 4823.0 922.0 4327.0 3832.0 4609.0
3710.0 4975.0 3569.0 4694.0 4048.0 3716.0 5664.0 5623.0 1777.0 41.0 740.0 1000.0 3373.0 5383.0 932.0 1332.0 3832.0 3130.0 4609.0 738.0
4675.0 4675.0 2252.0 2252.0 3426.0 3426.0 4607.0 4607.0 3048.0 3048.0 5641.0 5641.0 3213.0 3213.0 4840.0 6064.0 511.0 1492.0 4164.0 1739.0 3697.0 1243.0 4978.0 3832.0 2098.0 3130.0 4609.0
6275.0 6275.0 209.0 209.0 1547.0 1547.0 1106.0 3821.0 3832.0 3130.0 4609.0
4942.0 4942.0 2923.0 5021.0 5640.0 4108.0 2678.0 3528.0 4397.0 4243.0 3542.0 5988.0 1974.0 6246.0 5086.0 2481.0 4126.0 3787.0 4823.0 3048.0 1547.0 3832.0 4609.0
2521.0 2521.0 2043.0 2043.0 751.0 751.0 5366.0 7943.0 4609.0 2726.0 2374.0
317.0 317.0 6076.0 6076.0 5907.0 5907.0 2186.0 2186.0 97.0 97.0 272.0 272.0 4488.0 4488.0 5882.0 5882.0 5360.0 5455.0 3832.0 4609.0
710.0 710.0 107.0 107.0 4079.0 4079.0 4285.0 4285.0 64782.0 63083.0 2098.0 3832.0
3389.0 2229.0 4609.0 3832.0 3130.0
412.0 412.0 3607.0 3607.0 1539.0 1539.0 6336.0 65152.0
7166.0 7166.0 2419.0 2419.0 4922.0 4922.0 5349.0 5349.0 2359.0 769.0 7166.0 3426.0
4163.0 4163.0 2281.0 2281.0 5849.0 5849.0 4469.0 4469.0 4415.0 4415.0 4640.0 4640.0 64766.0 64766.0 7474.0 3277.0 4469.0
471.0 5526.0 4108.0 5349.0
1671.0 5103.0 5676.0 7166.0 769.0
592.0 592.0 2358.0 5392.0 3528.0
