5124.0 4823.0 1456.0
2015.0 5664.0 3716.0
2252.0 7943.0 2726.0 65739.0
6194.0 511.0 65481.0
5721.0 738.0 4975.0
5664.0 2595.0 3716.0
4823.0 6807.0 4243.0
2186.0 5376.0 1752.0 2252.0
2098.0 7943.0 3790.0
511.0 2098.0 2158.0
3426.0 5455.0 12391.0
65152.0 65030.0 2726.0
5302.0 3048.0 4108.0
4823.0 4121.0 4609.0
3276.0 12172.0 65094.0 5480.0 1060.0 14581.0 5597.0 16479.0 6177.0 5204.0 3230.0 1996.0 2407.0 2881.0 4243.0 36214.0 4721.0 4360.0 26344.0 6370.0 65036.0 262.0 3495.0 1145.0 4462.0 3559.0 3525.0 1851.0 3821.0 5879.0 4694.0 1104.0 6077.0 6624.0 5821.0 4922.0 1396.0 3270.0 1253.0 3716.0 4016.0 3663.0 3086.0 429.0 3228.0 5809.0 2206.0 4326.0 5988.0 65049.0 3829.0 665.0 3710.0 6055.0 3080.0 61538.0 8238.0 6064.0 6581.0 3774.0 21325.0 5383.0 5543.0 2520.0 1579.0 2284.0 3772.0 5640.0 6194.0 272.0 5549.0 1364.0 4458.0 3147.0 1547.0 57.0 5242.0 304.0 47492.0 3088.0 180.0 2191.0 3995.0 2504.0 3567.0 3813.0 1444.0 2098.0 3115.0 3395.0 4324.0 2187.0 1436.0 3137.0 3266.0 63086.0 3563.0 3505.0 2532.0 3697.0 5811.0 756.0 3617.0 6439.0 1412.0 5501.0 41.0 2394.0 4095.0 3758.0 1474.0 2544.0 4717.0 855.0 3016.0 3387.0 2096.0 3607.0 3537.0 1114.0 1559.0 5086.0 53.0 200.0 1466.0 5124.0 2623.0 4640.0 4038.0 1974.0 3856.0 2309.0 4907.0 2988.0 3159.0 3379.0 63969.0 240.0 4499.0 34775.0 3333.0 64794.0 224.0 1587.0 4551.0 4416.0 3842.0 5121.0 12508.0 3149.0 3121.0 3464.0 3296.0 710.0 4228.0 1456.0 3671.0 2948.0 5421.0 63950.0 540.0 559.0 3048.0 3888.0 2686.0 4119.0 528.0 2726.0 2807.0 3010.0 220.0 5366.0 3569.0 38453.0 1589.0 32536.0 7943.0 62860.0 2374.0 987.0 2481.0 37582.0 12706.0 64786.0 3400.0 3513.0 3347.0 2982.0 1055.0 2358.0 40976.0 1836.0 3325.0 4716.0 2229.0 2356.0 2645.0 5056.0 5601.0 1832.0 5471.0 1402.0 740.0 2310.0 138.0 3426.0 35774.0 3787.0 3418.0 79.0 5103.0 3404.0 1800.0 4840.0 3349.0 2843.0 3600.0 64766.0 768.0 5623.0 4399.0 41210.0 455.0 3389.0 2678.0 5320.0 5066.0 234.0 871.0 4266.0 4189.0 1770.0 624.0 2902.0 3432.0 1332.0 2781.0 1486.0 65386.0 5143.0 2322.0 1764.0 66438.0 65358.0 5665.0 3591.0 890.0 63568.0 2231.0 4873.0 2920.0 4983.0 5469.0 2926.0 66440.0 1054.0 483.0 785.0 4057.0 6152.0 4413.0 932.0 6246.0 1752.0 1585.0 3315.0 4441.0 5000.0 5316.0 795.0 2698.0 3748.0 3317.0 13246.0 65152.0 6288.0 6583.0 5099.0 5524.0 4945.0 5526.0 2423.0 2580.0 1.0 174.0 2043.0 900.0 38.0 1168.0 5901.0 399.0 4079.0 406.0 6524.0 5548.0 4814.0 6068.0 3201.0 3725.0 879.0 4720.0 3373.0 63719.0 4856.0 4514.0 1211.0 5564.0 5493.0 472.0 23519.0 62650.0 4415.0 471.0 4609.0 1669.0 6065.0 1993.0 3213.0 1089.0 3935.0 958.0 5497.0 8100.0 65515.0 4071.0 1480.0 922.0 912.0 2928.0 3140.0 5907.0 625.0 1520.0 3832.0 5963.0 1500.0 744.0 97.0 13470.0 64961.0 3909.0 65156.0 3542.0 22445.0 4469.0 5349.0 6965.0 4975.0 4037.0 2142.0 4671.0 5334.0 3690.0 5876.0 4397.0 8233.0 4162.0 5795.0 1490.0 4792.0 5641.0 3721.0 3692.0 2521.0 7017.0 61537.0 412.0 64397.0 5643.0 693.0 2525.0 670.0 1156.0 3771.0 4136.0 1546.0 2505.0 3723.0 6046.0 2602.0 3287.0 39003.0 4325.0 1629.0 3947.0 63083.0 3130.0 651.0 5969.0 4327.0 4164.0 7715.0 61593.0 6189.0 3240.0 317.0 592.0 6072.0 5219.0 1911.0 1097.0 4140.0 956.0 1730.0 2058.0 63091.0 5392.0 4929.0 4942.0 3249.0 63085.0 1240.0 1099.0 676.0 3001.0 2281.0 5414.0 2097.0 4134.0 5215.0 3669.0 4278.0 2600.0 1130.0 6584.0 4100.0 4293.0 1467.0 6582.0 65046.0 335.0 65055.0 2896.0 3782.0 5989.0 311.0 5538.0 2242.0 5806.0 63940.0 5896.0 1106.0 2486.0 4126.0 1930.0 1965.0 450.0 1479.0 926.0 63108.0 3148.0 5260.0 4675.0 6076.0 4285.0 4488.0 13398.0 3876.0 62802.0 3670.0 5804.0 1578.0 2569.0 824.0 1465.0 1633.0 753.0 2812.0 19.0 5882.0 1016.0 940.0 63557.0 66306.0 1433.0 65042.0 63946.0 2059.0 5642.0 2186.0 1407.0 12501.0 64789.0 23706.0 11.0 61987.0 3408.0 63104.0 2274.0 5455.0 4821.0 4908.0 70.0 2583.0 4762.0 5983.0 2963.0 6432.0 533.0 3528.0 209.0 2981.0 5353.0 3455.0 66618.0 682.0 2705.0 3859.0 6109.0 751.0 5743.0 3889.0 65157.0 2252.0 452.0 3853.0 2943.0 5632.0 4083.0 1183.0 4546.0 3749.0 1784.0 5898.0 5676.0 4641.0 1052.0 5293.0 2250.0 3784.0 4398.0 6526.0 2349.0 738.0 2679.0 769.0 990.0 205.0 1491.0 5373.0 2675.0 5360.0 5657.0 876.0 1671.0 42793.0 63979.0 5270.0 4108.0 5093.0 5358.0 61685.0 2288.0 444.0 6147.0 3830.0 203.0 6464.0 1815.0 2758.0 501.0 1313.0 5889.0 1790.0 6184.0 732.0 4474.0 982.0 4607.0 2575.0 1495.0 2321.0 2667.0 511.0 1000.0 16189.0 1779.0 1042.0 1751.0 40969.0 2681.0 2923.0 5097.0 8280.0 798.0 878.0 5053.0 66431.0 64782.0 6336.0 2359.0 2931.0 1635.0 5021.0 63962.0 5335.0 7166.0 6561.0 1368.0 1757.0 2357.0 4279.0 1339.0 3302.0 1321.0 5634.0 6115.0 637.0 4591.0 3409.0 3701.0 6275.0 100.0 1185.0 39635.0 6205.0 2927.0 2184.0 2268.0 5488.0 4048.0 1701.0 2456.0 1749.0 6318.0 5202.0 65381.0 5633.0 5569.0 884.0 1349.0 5777.0 5494.0 1634.0 3197.0 6533.0 6509.0 4533.0 1739.0 5664.0 137.0 909.0 4253.0 1492.0 65161.0 4026.0 2012.0 1825.0 5047.0 4869.0 4934.0 6223.0 2582.0 107.0 4356.0 5938.0 5537.0 4529.0 4058.0 5849.0 2419.0 2159.0 65383.0 5535.0 5519.0 972.0 5652.0 5200.0 13899.0 4823.0 6140.0 4978.0 1777.0 1243.0 6079.0 4727.0 4163.0 2141.0 413.0 2161.0 613.0 1646.0 63087.0 6163.0 1053.0 648.0 1539.0 4705.0 5910.0
7495.0 4100.0 2678.0
65152.0 2726.0 64782.0 63092.0
4823.0 1456.0 2678.0 1097.0
4243.0 4469.0 2281.0
2252.0 4730.0 7943.0
6194.0 26254.0 2678.0
4823.0 6316.0 2678.0
65152.0 65038.0 2726.0
2422.0 738.0 4975.0
5086.0 2033.0 3528.0
751.0 4071.0 3656.0
511.0 4354.0 2098.0
13470.0 4694.0 4975.0 6615.0 3710.0
65152.0 65039.0 2726.0
740.0 5664.0 1547.0 3716.0 3266.0 4823.0 4975.0
511.0 2098.0 6136.0
4823.0 5640.0 3048.0 1411.0
740.0 698.0 3716.0
4823.0 2678.0 3048.0 49.0
4823.0 3941.0 4243.0
26439.0 4469.0 7474.0 3277.0 7898.0
6271.0 4823.0 2981.0 2726.0 2678.0
4609.0 2678.0 255.0
26439.0 7474.0 40879.0
4823.0 3266.0 1286.0
511.0 3849.0 2098.0
4243.0 35579.0 4108.0
5623.0 5664.0 66654.0
4823.0 1533.0 4108.0 5086.0
1873.0 2481.0 2928.0 2678.0
65152.0 65158.0 2726.0
5907.0 97.0 4942.0 3048.0 1321.0
414.0 511.0 751.0 2374.0
4823.0 6377.0 2678.0
4823.0 2233.0 3266.0
511.0 2098.0 149.0
2252.0 7943.0 35812.0
4862.0 5664.0 1634.0
902.0 4823.0 4108.0
4057.0 6171.0 11.0 3048.0
65057.0 65152.0 2726.0
2252.0 7943.0 45084.0
5349.0 4469.0 34389.0
511.0 2098.0 62357.0
472.0 4929.0 3021.0
751.0 4609.0 993.0
