890.0 6064.0 5988.0 3048.0 511.0 107.0 3832.0 2678.0 2098.0 5353.0 4108.0 5882.0
3276.0 1253.0 744.0 1559.0 6194.0 3832.0 5901.0 2098.0 2981.0 5353.0 3115.0 6064.0 3130.0 1800.0 511.0 5056.0 11.0 751.0 4607.0 4057.0 3710.0 1492.0 4609.0 3302.0 2374.0 5358.0
3276.0 5907.0 744.0 3048.0 4546.0 1060.0 3832.0 1500.0 2726.0 97.0 5366.0 3569.0 6064.0 1633.0 5293.0 3542.0 4360.0 2349.0 738.0 2374.0 987.0 2481.0 926.0 5480.0 3513.0 1851.0 3821.0 1055.0 5641.0 2521.0 4108.0 5360.0 412.0 5056.0 5601.0 1832.0 1412.0 5889.0 3716.0 3426.0 3748.0 429.0 3409.0 5047.0 4607.0 3130.0 4840.0 4327.0 1053.0 511.0 665.0 3710.0 6624.0 455.0 2923.0 317.0 2678.0 5219.0 5383.0 5053.0 1364.0 624.0 4929.0 5640.0 4942.0 1106.0 5021.0 3147.0 1547.0 5242.0 3302.0 2191.0 2231.0 1467.0 3567.0 4591.0 335.0 2098.0 3115.0 6275.0 4727.0 4324.0 4057.0 1492.0 4048.0 3563.0 6246.0 4016.0 1752.0 3697.0 6194.0 5000.0 4126.0 6318.0 1479.0 884.0 3148.0 4675.0 1634.0 3197.0 4285.0 4488.0 3787.0 5804.0 900.0 2206.0 1739.0 1465.0 3607.0 4278.0 2812.0 5882.0 1559.0 2043.0 2268.0 5901.0 4079.0 406.0 1974.0 2186.0 107.0 5938.0 11.0 3201.0 4038.0 4609.0 2419.0 5358.0 4856.0 1490.0 4945.0 4823.0 4978.0 1635.0 1243.0 5910.0 3528.0 3842.0 209.0 2981.0 5353.0 2141.0 3213.0 3464.0 5821.0 710.0 6109.0 751.0 2698.0 4071.0 1539.0 2252.0 922.0 4397.0 4164.0
5907.0 744.0 3832.0 1500.0 3302.0 16479.0 5366.0 2981.0 3569.0 13470.0 1633.0 5293.0 5538.0 4057.0 4360.0 7943.0 2349.0 738.0 3426.0 2374.0 1752.0 4975.0 3213.0 6194.0 5455.0 1412.0 3821.0 1479.0 1055.0 5795.0 884.0 5641.0 4675.0 2521.0 3197.0 5360.0 2229.0 6624.0 2206.0 1739.0 5056.0 1559.0 4016.0 2602.0 429.0 2043.0 2098.0 406.0 2186.0 4840.0 4327.0 6275.0 11.0 4607.0 63969.0 3710.0 4609.0 3525.0 5358.0 317.0 3389.0 5066.0 1634.0 5053.0 1243.0 209.0 4727.0 1106.0 272.0 4942.0 6076.0 4694.0 3115.0 751.0 4071.0 3130.0 1480.0 2252.0 922.0
3276.0 5907.0 744.0 3832.0 2012.0 1500.0 2726.0 97.0 2252.0 5366.0 6177.0 3569.0 6064.0 1633.0 5293.0 4360.0 7943.0 2349.0 738.0 2374.0 4975.0 5455.0 3821.0 4694.0 1646.0 5641.0 3721.0 2521.0 6077.0 3325.0 5360.0 2356.0 412.0 3464.0 5056.0 1832.0 1313.0 6624.0 3716.0 3426.0 6046.0 2602.0 429.0 4607.0 3130.0 1800.0 4840.0 6065.0 4327.0 1053.0 511.0 3395.0 665.0 70.0 3710.0 6055.0 455.0 317.0 5053.0 5383.0 2525.0 5219.0 5543.0 1364.0 624.0 1106.0 272.0 6076.0 4458.0 3147.0 1547.0 5215.0 5242.0 3302.0 4293.0 335.0 2098.0 3115.0 6275.0 100.0 311.0 5538.0 4057.0 1492.0 4048.0 3563.0 4016.0 1752.0 3697.0 4071.0 2981.0 6194.0 6439.0 5000.0 1412.0 1479.0 4942.0 3148.0 4675.0 1634.0 3197.0 4533.0 5804.0 2206.0 2569.0 1465.0 710.0 1559.0 4869.0 2043.0 2268.0 5901.0 4640.0 4079.0 4038.0 1974.0 1739.0 2988.0 107.0 11.0 3201.0 3408.0 4058.0 4609.0 5849.0 5421.0 5358.0 1490.0 4514.0 2186.0 4978.0 1243.0 3842.0 209.0 4727.0 6526.0 2141.0 3213.0 1055.0 5821.0 3296.0 3349.0 751.0 884.0 7166.0 5910.0 922.0 4164.0
2486.0 5204.0 3266.0
6064.0 3130.0 2407.0 4136.0 511.0 3426.0 3832.0 1492.0 65381.0 5901.0 2098.0 5353.0
6064.0 3130.0 2881.0 511.0 3832.0 751.0 2098.0 5353.0 47492.0
540.0 744.0 3048.0 5349.0 4546.0 1060.0 3832.0 5963.0 1500.0 1911.0 97.0 3569.0 6064.0 5204.0 3230.0 1633.0 4243.0 3542.0 4108.0 2349.0 738.0 1930.0 2374.0 987.0 2481.0 4671.0 1055.0 4792.0 7017.0 5360.0 412.0 6624.0 1790.0 3426.0 429.0 3787.0 2098.0 4907.0 4607.0 3130.0 5988.0 4840.0 4327.0 3941.0 3710.0 2923.0 2678.0 3774.0 5066.0 234.0 5053.0 4929.0 5640.0 6194.0 6076.0 5021.0 5143.0 2281.0 3147.0 1547.0 5293.0 1156.0 304.0 3302.0 4100.0 912.0 4474.0 3115.0 3137.0 4057.0 1492.0 3266.0 6246.0 4016.0 1752.0 682.0 35579.0 2486.0 4126.0 1965.0 471.0 6370.0 3758.0 625.0 3148.0 4675.0 1634.0 6583.0 4285.0 4488.0 6807.0 2206.0 4945.0 3016.0 5743.0 5526.0 1114.0 19.0 5882.0 174.0 1559.0 5086.0 53.0 2623.0 5124.0 1974.0 5373.0 107.0 11.0 240.0 4609.0 5849.0 2419.0 5358.0 4823.0 4978.0 5983.0 472.0 3528.0 209.0 2981.0 1479.0 5353.0 3213.0 4694.0 710.0 5497.0 2948.0 4071.0 1539.0 2252.0 4397.0 2928.0
6064.0 3130.0 540.0 1145.0 3048.0 511.0 4823.0 4546.0 3832.0 4108.0 3266.0 107.0 2098.0 2678.0 4100.0
3832.0 3559.0
3333.0 5901.0
6064.0 5907.0 2098.0 511.0 107.0 5097.0 5353.0 3832.0
65152.0 63092.0
5907.0 744.0 3426.0 2359.0 5876.0 3832.0 1671.0 1500.0 40976.0 5901.0 2098.0 5103.0 1185.0 2407.0 2927.0 5056.0 64766.0 738.0 5538.0 4057.0 1492.0 4071.0 4922.0 3347.0 1752.0 5358.0 3830.0 4975.0 5676.0 769.0
6064.0 1253.0 3130.0 511.0 2098.0 5353.0 1396.0 3832.0
3228.0 3591.0
744.0 3048.0 5086.0 3832.0 1479.0 4823.0 1500.0 4243.0 3528.0 2098.0 2981.0 5353.0 5640.0 4108.0 6064.0 3130.0 5988.0 2481.0 412.0 1633.0 5021.0 107.0 5809.0 3542.0 5538.0 4057.0 97.0 4609.0 1547.0 1930.0 1492.0 2678.0
13470.0 5988.0 3048.0 1321.0 3787.0 5488.0 4326.0 4108.0
5907.0 744.0 1253.0 1559.0 4016.0 3832.0 429.0 3148.0 1500.0 2098.0 3115.0 4607.0 6064.0 3130.0 3829.0 1633.0 5293.0 11.0 5538.0 4057.0 3710.0 1492.0 4609.0 2349.0 738.0 3302.0 3426.0 2374.0 1752.0 3697.0 2981.0 406.0 5455.0 62860.0 5053.0 5360.0 1479.0 1055.0 884.0 2602.0 5641.0 4675.0 1634.0 6194.0 66306.0 272.0 5358.0 5056.0 2206.0 4071.0 6624.0
6581.0 2726.0 64782.0 2988.0 65152.0 5056.0
5907.0 744.0 3048.0 406.0 4016.0 3832.0 3567.0 2098.0 97.0 4607.0 5882.0 6064.0 3130.0 5988.0 1633.0 5938.0 11.0 5538.0 4057.0 3710.0 1492.0 4609.0 738.0 3302.0 3426.0 2419.0 1752.0 2923.0 1974.0 4975.0 5896.0 3213.0 2981.0 2186.0 5455.0 798.0 6624.0 1851.0 1479.0 2520.0 884.0 3148.0 4675.0 1634.0 6194.0 272.0 5358.0 4488.0 1055.0 2374.0 710.0 209.0 4285.0 751.0 4071.0 2252.0 922.0 7943.0 5056.0 4126.0
5907.0 744.0 3832.0 3148.0 1500.0 335.0 3302.0 3115.0 6275.0 4727.0 3569.0 13470.0 1633.0 5293.0 5538.0 4057.0 4360.0 1492.0 7943.0 2349.0 738.0 4016.0 2374.0 1752.0 262.0 3563.0 3197.0 1412.0 2675.0 6194.0 3821.0 1479.0 1055.0 884.0 4038.0 5641.0 4675.0 2521.0 6077.0 3325.0 5360.0 5358.0 13398.0 3408.0 5056.0 5804.0 2206.0 4975.0 1739.0 1243.0 6624.0 5882.0 3716.0 1559.0 3426.0 429.0 2098.0 406.0 3130.0 4840.0 4327.0 1053.0 5366.0 665.0 5383.0 11.0 4607.0 3710.0 4609.0 3525.0 455.0 3389.0 317.0 6064.0 2186.0 1634.0 5053.0 4978.0 1832.0 1579.0 209.0 2981.0 2141.0 4942.0 1106.0 3213.0 6076.0 5821.0 3296.0 710.0 1364.0 4458.0 751.0 4071.0 107.0 2252.0 922.0 47492.0
3130.0 744.0 1559.0 11.0 3832.0 4609.0 2284.0 2098.0 2981.0 5353.0 4607.0
3130.0 744.0 1559.0 65381.0 3832.0 429.0 1500.0 3772.0 2098.0 3115.0
6064.0 3130.0 940.0 2098.0 511.0 107.0 5353.0 3832.0
3130.0 3048.0 3832.0 200.0
65152.0 6336.0 63086.0 64782.0
6064.0 511.0 3832.0 5202.0 2098.0 5353.0
6064.0 2988.0 65152.0 107.0 710.0 3832.0 2532.0 2098.0 2726.0
6064.0 744.0 5066.0 1559.0 3426.0 3832.0 1479.0 4694.0 1500.0 2098.0 1634.0 4607.0 3569.0 13470.0 3130.0 2229.0 1055.0 511.0 5353.0 6624.0 1633.0 11.0 4975.0 4057.0 3710.0 4609.0 738.0 2374.0 1752.0 5358.0 5811.0
6064.0 2098.0 3617.0 3832.0
740.0 1777.0 5200.0 3716.0 1000.0 41.0 7943.0 5623.0 932.0
1253.0 1474.0
6064.0 3130.0 2544.0 2098.0 511.0 107.0 5353.0 3832.0
6064.0 511.0 3387.0
6064.0 511.0 5353.0 2096.0
6064.0 3130.0 3048.0 107.0 3832.0 3787.0 5494.0 2098.0 2678.0 3537.0 4100.0
1253.0 744.0 4360.0 1559.0 3426.0 3832.0 1466.0 429.0 1500.0 2726.0 2098.0 3115.0 6275.0 4675.0 6064.0 3130.0 2988.0 1634.0 11.0 3784.0 4057.0 3710.0 4609.0 738.0 62860.0 2374.0 1752.0 3697.0 3617.0 483.0 3513.0 1412.0 5053.0 1479.0 7943.0 6336.0 455.0 5641.0 2981.0 2521.0 6194.0 66306.0 5358.0 1055.0 5056.0 710.0 2206.0 1739.0 751.0 4071.0 2252.0 6624.0 6582.0
65152.0 65161.0
26439.0 7474.0 3277.0 40879.0 4469.0 7898.0
65152.0 6336.0 65049.0 64782.0
740.0 41.0 5200.0 1000.0 824.0
5907.0 744.0 3048.0 4071.0 1253.0 1559.0 3426.0 3832.0 66306.0 5641.0 1500.0 2098.0 97.0 4607.0 5882.0 13470.0 2186.0 1633.0 5293.0 11.0 4057.0 3710.0 26344.0 4609.0 738.0 3302.0 4016.0 2374.0 1752.0 3569.0 2678.0 4908.0 2981.0 6064.0 5066.0 3130.0 62860.0 5358.0 1479.0 4694.0 2229.0 2602.0 209.0 4675.0 1634.0 6194.0 5360.0 3389.0 6076.0 6624.0 4975.0 751.0 47492.0 7166.0 4922.0 5056.0
65152.0 63979.0
64794.0 64782.0 2988.0 65152.0 6336.0 7943.0 2726.0 6275.0 63083.0
6064.0 511.0 3832.0 5901.0 2098.0 5353.0 3149.0
3048.0 3121.0
6064.0 3130.0 5353.0 511.0 2098.0 4228.0 3832.0
6064.0 4136.0 511.0 3832.0 3671.0 5901.0 2098.0 5353.0
3333.0 879.0
740.0 1000.0 5200.0 956.0 1730.0 41.0 3373.0 1332.0
1253.0 744.0 1559.0 3426.0 2686.0 3832.0 429.0 1500.0 2098.0 3115.0 4607.0 6064.0 3130.0 1633.0 1634.0 11.0 5538.0 4057.0 3710.0 4609.0 738.0 62860.0 2374.0 1752.0 5358.0 5053.0 1479.0 1055.0 1243.0 5641.0 2981.0 2521.0 66306.0 272.0 5056.0 1739.0 751.0 4071.0 107.0 6624.0
6064.0 2807.0
6064.0 13470.0 511.0 3832.0 2098.0 3010.0 5353.0
5907.0 744.0 3842.0 3832.0 5641.0 1500.0 2726.0 335.0 2098.0 3115.0 5366.0 6177.0 6275.0 3349.0 1633.0 4324.0 483.0 4609.0 3784.0 5538.0 4057.0 4360.0 1492.0 7943.0 2349.0 738.0 2186.0 3426.0 2374.0 1752.0 3697.0 3563.0 6194.0 64786.0 6439.0 3513.0 1412.0 2982.0 3821.0 1479.0 1055.0 5795.0 884.0 3148.0 4675.0 2521.0 3197.0 3325.0 4727.0 5056.0 5804.0 2206.0 1739.0 5664.0 909.0 1465.0 1402.0 6582.0 64782.0 3716.0 1559.0 4016.0 1016.0 429.0 2043.0 4869.0 6336.0 63083.0 4607.0 3130.0 4705.0 2252.0 4840.0 4327.0 2988.0 511.0 64789.0 665.0 11.0 3201.0 4038.0 3710.0 2184.0 6624.0 3302.0 455.0 5358.0 317.0 1490.0 6581.0 64794.0 4514.0 5383.0 1634.0 5053.0 4978.0 63091.0 1832.0 1243.0 5910.0 209.0 2981.0 2141.0 2532.0 1106.0 272.0 4942.0 6076.0 1646.0 5821.0 3296.0 1053.0 3001.0 1364.0 5471.0 4458.0 2309.0 65152.0 2097.0 4071.0 5293.0 3569.0 3408.0 922.0
5907.0 4716.0 2186.0 2098.0 3832.0
6064.0 511.0 138.0
6064.0 3130.0 65381.0 3832.0 3418.0 2098.0
6064.0 3832.0 2098.0 5353.0 5320.0
3130.0 2781.0
6064.0 1486.0 2098.0 5353.0 3832.0
65386.0 65381.0
6064.0 1764.0 5086.0 2098.0 3832.0
5907.0 744.0 1253.0 3832.0 2374.0 2098.0 2981.0 1634.0 406.0 6194.0 3130.0 3213.0 6064.0 5056.0 1633.0 11.0 751.0 5538.0 4057.0 3710.0 1492.0 4609.0 2419.0 5358.0 2678.0 5665.0
6064.0 5469.0 511.0
2920.0 64782.0
2812.0 4100.0 3048.0 5316.0 5938.0 3832.0 3528.0 2098.0 4108.0 5882.0 6064.0 3130.0 5988.0 5021.0 4243.0 710.0 5640.0 4609.0 4823.0 2678.0
3130.0 4609.0 744.0 5353.0 5901.0 1168.0 2098.0 3832.0
744.0 4136.0 3716.0 3426.0 3832.0 5901.0 2098.0 399.0 4607.0 3569.0 3130.0 107.0 11.0 47492.0 4057.0 3710.0 751.0 4609.0 4071.0 738.0 4975.0 769.0
4814.0 5901.0
6068.0 4136.0 5901.0
3130.0 4720.0
5907.0 744.0 3832.0 1500.0 3302.0 16479.0 5366.0 2981.0 3569.0 1633.0 5293.0 36214.0 5538.0 4057.0 4360.0 7943.0 2349.0 738.0 4016.0 2374.0 1752.0 4975.0 3197.0 5455.0 1412.0 1993.0 3821.0 1479.0 1055.0 5795.0 884.0 4038.0 5641.0 4675.0 1634.0 6077.0 5360.0 3408.0 5056.0 2206.0 5821.0 6624.0 1559.0 3426.0 429.0 2098.0 406.0 2186.0 4327.0 6275.0 11.0 4607.0 3710.0 4609.0 3525.0 5358.0 317.0 3130.0 5053.0 4978.0 2963.0 1243.0 65381.0 209.0 4727.0 6194.0 272.0 4942.0 3115.0 751.0 4071.0 2252.0 5242.0
5907.0 744.0 3130.0 1559.0 3426.0 3832.0 3935.0 1500.0 65381.0 2098.0
6064.0 2098.0 958.0 3832.0
2705.0 1433.0 21325.0 7715.0
65152.0 65156.0
5907.0 744.0 3048.0 4293.0 2231.0 3832.0 1364.0 3148.0 1500.0 2726.0 4591.0 3302.0 97.0 5366.0 4675.0 3569.0 6064.0 2988.0 1633.0 5293.0 311.0 5538.0 4057.0 4360.0 1492.0 7943.0 2349.0 738.0 4016.0 2374.0 4048.0 3697.0 4975.0 3563.0 2981.0 6194.0 4126.0 1412.0 2675.0 2982.0 3821.0 1479.0 1055.0 5795.0 884.0 1752.0 5641.0 3692.0 2521.0 3197.0 3325.0 5360.0 4285.0 5056.0 5804.0 2206.0 1739.0 3213.0 6624.0 2812.0 5882.0 3716.0 1559.0 3426.0 4038.0 2602.0 429.0 2043.0 2268.0 2098.0 5047.0 399.0 4079.0 3115.0 1974.0 2186.0 4840.0 4327.0 4164.0 6275.0 665.0 11.0 1053.0 4607.0 3710.0 768.0 4609.0 455.0 2923.0 5358.0 317.0 1490.0 5053.0 3389.0 5383.0 1634.0 2525.0 5219.0 4978.0 5543.0 1851.0 1635.0 1579.0 624.0 3842.0 209.0 4727.0 2141.0 1832.0 1106.0 272.0 4942.0 6076.0 1646.0 5821.0 3296.0 710.0 6177.0 1243.0 4458.0 751.0 3147.0 4071.0 3130.0 107.0 2252.0 922.0 47492.0
5907.0 744.0 3048.0 1060.0 3832.0 5641.0 3302.0 97.0 5366.0 2981.0 6064.0 1633.0 4243.0 3542.0 5538.0 4057.0 1492.0 2349.0 738.0 2374.0 1752.0 3697.0 4126.0 1851.0 1479.0 1055.0 884.0 3148.0 4675.0 1634.0 4108.0 4285.0 4488.0 2043.0 6624.0 5601.0 2206.0 670.0 4278.0 2812.0 5882.0 1559.0 4016.0 429.0 3787.0 2098.0 3115.0 1974.0 3130.0 5988.0 4840.0 107.0 5938.0 11.0 4607.0 3710.0 4609.0 2923.0 5358.0 317.0 2186.0 4823.0 5053.0 4978.0 2520.0 1243.0 3528.0 209.0 4727.0 5640.0 6194.0 3213.0 5021.0 3607.0 710.0 6109.0 751.0 2948.0 4071.0 1547.0 2252.0 922.0 4397.0
2486.0 2505.0 3266.0
5988.0 3266.0 3048.0 174.0 4823.0 3723.0
13470.0 5907.0 744.0 3832.0 4057.0 1500.0 738.0 3302.0 3947.0 4975.0
5907.0 744.0 1253.0 1559.0 3426.0 3832.0 1479.0 429.0 1055.0 1500.0 5641.0 2098.0 2981.0 1634.0 3115.0 6064.0 3130.0 5358.0 2374.0 2521.0 6624.0 11.0 2206.0 5657.0 4057.0 3710.0 4609.0 738.0 7943.0 1752.0 3697.0 5056.0
651.0 3832.0
63950.0 61593.0
6064.0 3130.0 3048.0 511.0 107.0 3832.0 2098.0 5353.0 592.0
13470.0 6072.0
6064.0 511.0 4140.0 3832.0 2098.0 5353.0
2486.0 1099.0 3266.0
3426.0 676.0
1253.0 744.0 1559.0 3426.0 3832.0 66306.0 1055.0 1500.0 2098.0 3115.0 1634.0 4607.0 6064.0 3130.0 1633.0 107.0 5056.0 11.0 5538.0 5414.0 3710.0 4609.0 738.0 2374.0 1752.0 5358.0 6624.0 4057.0
6064.0 511.0 4762.0
65152.0 6336.0 65046.0 64782.0
65152.0 65055.0 2726.0
3130.0 5989.0 65381.0 3832.0 2098.0
63940.0 65381.0
65152.0 63085.0
65152.0 62802.0
6064.0 511.0 3670.0 2098.0
6064.0 6194.0 511.0 3832.0 5099.0 5901.0 2098.0 5353.0
64782.0 65152.0 6336.0 65042.0 7943.0 2726.0 63083.0
66306.0 63946.0
13470.0 744.0 4136.0 5066.0 3426.0 3832.0 4694.0 5901.0 2098.0 4607.0 3569.0 6064.0 2186.0 12501.0 511.0 107.0 11.0 47492.0 4057.0 3710.0 751.0 4609.0 3130.0 3302.0 4975.0 738.0
65152.0 61987.0
65152.0 63104.0
63950.0 66306.0 2274.0
6064.0 3130.0 744.0 1559.0 107.0 511.0 1492.0 3832.0 6432.0 751.0 4609.0 2098.0 5353.0 47492.0
6064.0 2098.0 1054.0 3832.0
740.0 1000.0 3455.0 956.0 41.0
3130.0 2943.0
1321.0 4083.0
13470.0 3130.0 744.0 3426.0 1784.0 3832.0
3048.0 4641.0
65152.0 61685.0
472.0 444.0
6064.0 203.0 107.0 2098.0 3832.0
7943.0 1751.0
6064.0 3302.0 2407.0 511.0 2681.0 1492.0 3832.0 4057.0 1500.0 738.0 5901.0 2098.0 3115.0 5353.0
6064.0 1757.0
65152.0 1339.0
6064.0 5634.0 3832.0 511.0 5901.0 2098.0 5353.0
13470.0 637.0
3130.0 744.0 1559.0 3426.0 11.0 66306.0 3710.0 1500.0 4609.0 4071.0 738.0 450.0 2098.0 4607.0
5907.0 744.0 2186.0 1559.0 3426.0 5053.0 3832.0 1479.0 429.0 1500.0 2098.0 2981.0 5538.0 3115.0 2896.0 6194.0 3130.0 6064.0 1633.0 11.0 4607.0 4057.0 3710.0 751.0 4609.0 738.0 3302.0 2374.0 1752.0 5358.0 47492.0
6064.0 6205.0
5907.0 744.0 4694.0 3832.0 5641.0 1500.0 2726.0 4591.0 335.0 2098.0 3115.0 5366.0 6177.0 3569.0 1633.0 4324.0 1364.0 483.0 5538.0 4057.0 4360.0 7943.0 2349.0 738.0 4016.0 2374.0 1752.0 3697.0 4975.0 3563.0 1106.0 4727.0 3513.0 1412.0 2982.0 3821.0 1479.0 1055.0 5795.0 3213.0 1646.0 3148.0 4675.0 2521.0 3197.0 3325.0 5889.0 5804.0 2206.0 1739.0 5471.0 1701.0 5056.0 6582.0 64782.0 1559.0 3426.0 6046.0 2602.0 1466.0 429.0 2043.0 65042.0 406.0 4458.0 63083.0 4607.0 2186.0 4840.0 6223.0 4327.0 1053.0 65152.0 6275.0 665.0 5383.0 11.0 4038.0 3710.0 4609.0 6624.0 3302.0 455.0 5358.0 317.0 1490.0 4514.0 3130.0 1634.0 5053.0 5543.0 63091.0 1832.0 6336.0 209.0 2981.0 2141.0 6194.0 4942.0 6076.0 3464.0 5821.0 3296.0 2988.0 3001.0 1243.0 1402.0 2309.0 751.0 4071.0 5293.0 2252.0 922.0
6064.0 1749.0 3832.0 2098.0
3130.0 3048.0 1349.0 107.0 3832.0
6064.0 2186.0 65381.0 5777.0 3130.0 2098.0 4607.0 3832.0
2583.0 3048.0
3426.0 4934.0 5056.0
3130.0 7943.0 972.0
65152.0 65157.0 6336.0 64782.0
744.0 1559.0 3426.0 3832.0 429.0 1500.0 2098.0 3115.0 4607.0 3569.0 13470.0 3130.0 1633.0 107.0 452.0 5066.0 11.0 4057.0 3710.0 4609.0 738.0 3302.0 4016.0 2374.0 1752.0 5358.0 4975.0 2981.0 2186.0 5053.0 1479.0 4694.0 5641.0 4675.0 1634.0 5056.0 47492.0 751.0 4071.0 6624.0
876.0 7943.0
65383.0 65381.0
4163.0 3315.0
413.0 4136.0 5901.0 4119.0 732.0
