890.0 3302.0 3048.0 5480.0 3832.0 1500.0 2098.0 97.0 5366.0 6064.0 1633.0 5293.0 3542.0 4057.0 1492.0 1930.0 2374.0 2481.0 4126.0 1412.0 1851.0 3821.0 1479.0 1055.0 1634.0 4108.0 4488.0 412.0 6624.0 5804.0 3607.0 2812.0 5882.0 1559.0 4016.0 744.0 429.0 2043.0 3115.0 1974.0 2186.0 5988.0 4327.0 511.0 107.0 5938.0 11.0 4607.0 3710.0 4609.0 2923.0 2678.0 3130.0 4823.0 5053.0 1364.0 3528.0 3842.0 2981.0 5640.0 2141.0 6194.0 5021.0 751.0 4071.0 1547.0 1539.0 922.0 4397.0
3276.0 890.0 744.0 3048.0 1559.0 3748.0 429.0 5901.0 2098.0 3115.0 4607.0 5882.0 6064.0 3130.0 5988.0 4327.0 1633.0 511.0 5293.0 11.0 3542.0 4108.0 4057.0 3710.0 1492.0 4609.0 1974.0 3302.0 1930.0 2374.0 2481.0 2678.0 4823.0 5053.0 3525.0 1479.0 1055.0 1243.0 3832.0 3528.0 2981.0 1634.0 5640.0 6194.0 4488.0 5021.0 5056.0 2206.0 1832.0 751.0 3147.0 4071.0 1547.0 922.0 5353.0 6624.0
4607.0 5988.0 2812.0 3048.0 174.0 4243.0 11.0 1060.0 4397.0 2923.0 4326.0 4108.0 5882.0
5907.0 540.0 744.0 3048.0 4071.0 4083.0 5480.0 3832.0 1500.0 2726.0 97.0 5366.0 6177.0 3569.0 6064.0 1633.0 4243.0 3542.0 4360.0 7943.0 2349.0 738.0 2374.0 987.0 4975.0 3400.0 5455.0 1851.0 3821.0 4694.0 5795.0 1646.0 5641.0 3692.0 2521.0 4108.0 6077.0 5360.0 2229.0 412.0 5056.0 5601.0 1832.0 670.0 5889.0 3426.0 2602.0 429.0 3787.0 5047.0 4607.0 3130.0 5988.0 2252.0 4840.0 3829.0 1053.0 665.0 5597.0 3710.0 6624.0 2923.0 3389.0 317.0 107.0 5053.0 5066.0 2525.0 5219.0 2520.0 1364.0 624.0 5640.0 1106.0 272.0 6076.0 5021.0 676.0 1243.0 2309.0 3147.0 1547.0 5215.0 5665.0 3302.0 4293.0 2231.0 2504.0 3567.0 2098.0 3115.0 6275.0 2981.0 2896.0 5989.0 311.0 3137.0 3349.0 5538.0 4057.0 1492.0 3563.0 6246.0 4016.0 1752.0 3697.0 5811.0 5896.0 3213.0 5000.0 4126.0 1412.0 1965.0 1479.0 884.0 3663.0 3148.0 4675.0 1634.0 3197.0 4285.0 5804.0 2206.0 2569.0 1465.0 3607.0 4278.0 5293.0 1559.0 2043.0 2268.0 4934.0 406.0 1974.0 1739.0 4079.0 11.0 4038.0 4609.0 5316.0 2419.0 4533.0 5358.0 4856.0 1490.0 4945.0 2186.0 4823.0 798.0 4978.0 16479.0 3842.0 209.0 4727.0 5353.0 2141.0 1993.0 4942.0 4327.0 1055.0 5821.0 3296.0 710.0 6109.0 751.0 2698.0 5421.0 1539.0 1480.0 5910.0 922.0 4397.0 4164.0
4285.0 4873.0
2486.0 5204.0 3266.0 412.0
5066.0 5086.0 1930.0 3528.0 1634.0 4108.0 3230.0 2481.0 412.0 5021.0 4243.0 1547.0 4823.0 6370.0 2923.0 5358.0 2678.0
2043.0 1996.0 3302.0
890.0 3302.0 4136.0 3426.0 4071.0 3832.0 2043.0 5901.0 2098.0 3569.0 6064.0 3130.0 6068.0 2407.0 4164.0 511.0 107.0 11.0 4057.0 3710.0 1492.0 4609.0 2681.0 4975.0 3347.0 5876.0 2058.0 2981.0 4163.0 413.0 6076.0 6624.0 1633.0 3671.0 751.0 3147.0 7166.0 4922.0 922.0
511.0 1757.0 2881.0
890.0 5907.0 3302.0 3048.0 4546.0 3832.0 2098.0 97.0 4929.0 6064.0 1633.0 5293.0 3542.0 4057.0 1492.0 6246.0 1930.0 2374.0 1752.0 2481.0 4126.0 6318.0 1479.0 4675.0 1634.0 4108.0 4285.0 4488.0 412.0 3787.0 6624.0 4945.0 3607.0 1114.0 2812.0 5882.0 5086.0 2602.0 2043.0 4016.0 4326.0 1974.0 2186.0 5988.0 511.0 107.0 5938.0 11.0 3710.0 4609.0 2923.0 5358.0 2678.0 3130.0 4823.0 3528.0 2981.0 5640.0 3121.0 6194.0 3213.0 5021.0 6109.0 751.0 4071.0 1547.0 1539.0 922.0 4397.0
6077.0 3130.0 4942.0 1646.0 3408.0 1364.0 5053.0 5543.0 3832.0 36214.0 1500.0 65381.0 4038.0 6177.0
744.0 1559.0 5053.0 3832.0 429.0 1055.0 1500.0 2098.0 6177.0 6064.0 3130.0 1646.0 511.0 5056.0 2012.0 11.0 3408.0 4721.0 1633.0 665.0
26344.0 1633.0 4908.0
890.0 3302.0 1559.0 5053.0 3832.0 429.0 2043.0 1500.0 5260.0 2098.0 2981.0 3115.0 6064.0 3130.0 4942.0 1055.0 511.0 107.0 5056.0 4164.0 11.0 4609.0 4071.0 1539.0 1633.0 922.0 6624.0
744.0 5882.0 1559.0 4016.0 5480.0 3832.0 429.0 2043.0 1500.0 335.0 3302.0 3115.0 5366.0 4607.0 3569.0 3130.0 4327.0 1633.0 5293.0 4079.0 11.0 4038.0 3710.0 4609.0 3563.0 262.0 5053.0 5066.0 1412.0 5219.0 2675.0 3821.0 4694.0 1243.0 4727.0 2141.0 4942.0 13398.0 1055.0 6624.0 5804.0 1364.0 1832.0 922.0 4164.0
744.0 3048.0 5480.0 3832.0 1500.0 2098.0 97.0 5366.0 4100.0 6064.0 1633.0 5293.0 3542.0 4057.0 2349.0 2374.0 2481.0 4546.0 5849.0 4126.0 1412.0 3821.0 1479.0 1055.0 884.0 4675.0 1634.0 4108.0 5056.0 5804.0 2206.0 4945.0 2812.0 1559.0 4016.0 429.0 1145.0 4079.0 3115.0 1974.0 3130.0 4327.0 4164.0 511.0 107.0 665.0 11.0 4607.0 3710.0 4609.0 3302.0 2923.0 2678.0 5053.0 1097.0 4823.0 5219.0 1364.0 3528.0 3842.0 2981.0 5640.0 2141.0 6194.0 5021.0 710.0 751.0 4071.0 1547.0 1539.0 922.0 5242.0
1634.0 4462.0
2812.0 744.0 3048.0 1559.0 4016.0 5480.0 3832.0 429.0 2043.0 1500.0 2098.0 3115.0 4079.0 3408.0 5882.0 6064.0 3130.0 2191.0 4327.0 1633.0 511.0 5293.0 665.0 5938.0 11.0 1492.0 4609.0 3302.0 2374.0 3559.0 1412.0 5053.0 1055.0 1364.0 2981.0 2141.0 4942.0 1053.0 1832.0 97.0 4071.0 5910.0 922.0 4397.0 4164.0
5021.0 2923.0 2481.0 5879.0
5124.0 1456.0 6079.0 1097.0
3333.0 3115.0 879.0 3302.0
5907.0 744.0 1559.0 4016.0 5480.0 3832.0 429.0 2043.0 1500.0 2098.0 3115.0 5366.0 406.0 6064.0 2186.0 4327.0 1633.0 511.0 4079.0 665.0 11.0 1053.0 4038.0 4057.0 3710.0 4609.0 2349.0 3563.0 3302.0 2374.0 1752.0 5097.0 4675.0 1490.0 5053.0 3130.0 4727.0 1412.0 5219.0 3821.0 1055.0 1364.0 884.0 3842.0 3148.0 2981.0 1634.0 2141.0 3213.0 6624.0 5804.0 1832.0 751.0 624.0 4071.0 5293.0 2252.0 922.0 5242.0 5056.0
65152.0 64789.0 63092.0 6336.0 2184.0 455.0
3276.0 1253.0 744.0 1559.0 3832.0 429.0 1500.0 4869.0 3302.0 4640.0 4038.0 6064.0 3130.0 4327.0 1053.0 511.0 5293.0 11.0 3408.0 61593.0 1492.0 4609.0 2274.0 2374.0 2098.0 3115.0 5053.0 1055.0 1243.0 3748.0 3721.0 2981.0 4942.0 5056.0 1396.0 1832.0 751.0 4071.0 5910.0 922.0 6624.0
5021.0 2923.0 5640.0 3270.0
5907.0 744.0 3048.0 5632.0 2686.0 5480.0 1060.0 3832.0 1500.0 2726.0 3287.0 97.0 5366.0 3569.0 6064.0 1052.0 2407.0 1633.0 4243.0 6318.0 3542.0 2184.0 4360.0 7943.0 2349.0 738.0 1930.0 2374.0 987.0 2481.0 262.0 64786.0 4462.0 3559.0 6533.0 3513.0 5455.0 2675.0 1851.0 3821.0 4694.0 2358.0 4285.0 1055.0 2681.0 5641.0 3692.0 2521.0 4108.0 3325.0 4716.0 2229.0 5421.0 412.0 6624.0 4856.0 2525.0 5471.0 6464.0 4922.0 2758.0 5889.0 1156.0 740.0 4136.0 3716.0 4016.0 4591.0 2602.0 1349.0 3787.0 5360.0 3418.0 5047.0 1629.0 5657.0 5200.0 3130.0 5988.0 4840.0 6065.0 65152.0 665.0 1000.0 5597.0 3710.0 768.0 5623.0 1751.0 3525.0 455.0 2923.0 5097.0 317.0 2678.0 3455.0 6581.0 3774.0 5383.0 698.0 956.0 1730.0 2015.0 1579.0 624.0 1332.0 5640.0 6194.0 272.0 6076.0 1635.0 5021.0 5549.0 3001.0 6336.0 1402.0 2309.0 3147.0 1547.0 5293.0 2600.0 47492.0 5665.0 3088.0 3302.0 2191.0 2231.0 6582.0 1444.0 335.0 3115.0 6275.0 4727.0 2896.0 64782.0 4324.0 483.0 3137.0 5538.0 4057.0 1492.0 3266.0 4048.0 1701.0 6246.0 3426.0 1832.0 3697.0 5811.0 3563.0 1106.0 3315.0 6439.0 5000.0 4126.0 1412.0 1965.0 1479.0 2698.0 932.0 1752.0 3148.0 4675.0 1634.0 3197.0 5334.0 2544.0 4488.0 13398.0 5804.0 900.0 2206.0 4975.0 1739.0 5664.0 3016.0 824.0 5219.0 909.0 1465.0 3607.0 3537.0 4278.0 4026.0 1114.0 2812.0 5882.0 1559.0 53.0 4071.0 1466.0 63083.0 2043.0 2268.0 5901.0 399.0 4079.0 406.0 1974.0 2186.0 2988.0 107.0 3159.0 5938.0 11.0 4607.0 63969.0 3748.0 4609.0 2419.0 3373.0 5358.0 34775.0 3409.0 4908.0 1490.0 4945.0 64794.0 3389.0 4514.0 972.0 4823.0 5215.0 4978.0 2321.0 4416.0 6432.0 16479.0 3528.0 209.0 2981.0 41.0 4163.0 1777.0 2141.0 2667.0 3213.0 3464.0 5821.0 3296.0 710.0 6109.0 751.0 884.0 7166.0 1539.0 1480.0 2252.0 922.0 4397.0 452.0 2595.0
5053.0 3302.0 1559.0 4546.0 5543.0 3832.0 3086.0 429.0 1500.0 3115.0 6177.0 6077.0 3130.0 4942.0 4327.0 1646.0 5021.0 1364.0 3408.0 4038.0
3228.0 3591.0
744.0 3048.0 2231.0 5480.0 3832.0 1500.0 335.0 2098.0 97.0 2191.0 6064.0 1633.0 5293.0 3542.0 5538.0 4057.0 1492.0 2349.0 3563.0 1930.0 2374.0 2481.0 4126.0 1412.0 3821.0 1479.0 1055.0 1634.0 4108.0 412.0 6624.0 5804.0 2206.0 1832.0 5056.0 2812.0 1559.0 5086.0 429.0 2043.0 5809.0 4016.0 4079.0 3115.0 1974.0 4607.0 2186.0 4327.0 4164.0 107.0 665.0 11.0 4038.0 3710.0 4609.0 3302.0 2923.0 2678.0 1490.0 5219.0 3130.0 4823.0 5053.0 1243.0 624.0 3528.0 2981.0 5640.0 2141.0 6194.0 4942.0 2525.0 5021.0 1053.0 1364.0 4071.0 1547.0 1539.0 5242.0 922.0 4397.0
64961.0 1800.0
12172.0 744.0 2191.0 3832.0 1500.0 3302.0 3115.0 6177.0 3569.0 6064.0 1633.0 1364.0 4057.0 1492.0 2349.0 3563.0 3426.0 2374.0 2098.0 4975.0 2981.0 3821.0 1479.0 4694.0 1634.0 3197.0 2229.0 5056.0 1646.0 2206.0 1832.0 1465.0 1313.0 6624.0 1559.0 4016.0 1016.0 5901.0 429.0 4869.0 3947.0 4038.0 3130.0 4327.0 4164.0 511.0 107.0 665.0 11.0 3710.0 4609.0 6055.0 4071.0 317.0 13470.0 4514.0 5066.0 5053.0 4978.0 1579.0 209.0 4727.0 2141.0 6194.0 4942.0 1055.0 3296.0 1053.0 1243.0 5421.0 1480.0 5910.0 922.0 5242.0 452.0
890.0 3302.0 3832.0 2043.0 2098.0 2981.0 1634.0 6064.0 3130.0 1633.0 511.0 107.0 5056.0 11.0 751.0 4609.0 4071.0 2374.0 922.0 61538.0 6624.0
12172.0 744.0 2981.0 4694.0 1559.0 3832.0 429.0 2098.0 3115.0 3408.0 3130.0 4327.0 1633.0 11.0 4607.0 4057.0 3710.0 1492.0 4609.0 3302.0 4038.0 317.0 1490.0 5066.0 5053.0 4978.0 2374.0 1243.0 2284.0 4675.0 3213.0 1055.0 6624.0 4071.0 922.0
5056.0 744.0 2191.0 1559.0 4016.0 5480.0 3832.0 429.0 2043.0 1500.0 335.0 2098.0 3115.0 4079.0 4038.0 6064.0 3130.0 3829.0 1633.0 5366.0 665.0 11.0 5538.0 4609.0 3563.0 3302.0 2374.0 317.0 2981.0 1412.0 5053.0 4978.0 1851.0 1055.0 1243.0 624.0 3772.0 209.0 4727.0 2141.0 4942.0 3197.0 1993.0 3213.0 4327.0 5821.0 6624.0 1053.0 1364.0 1832.0 884.0 4071.0 5293.0 5910.0 922.0 5242.0 4164.0
5907.0 5804.0 744.0 5056.0 1559.0 4016.0 5480.0 3832.0 429.0 2043.0 1500.0 2098.0 3115.0 5366.0 4038.0 6064.0 3130.0 4327.0 1633.0 511.0 4079.0 665.0 11.0 5538.0 4609.0 2349.0 3302.0 2374.0 1752.0 5358.0 5053.0 4727.0 1412.0 5219.0 3821.0 1055.0 16479.0 884.0 940.0 3842.0 1364.0 2981.0 1634.0 2141.0 4942.0 2569.0 6624.0 1053.0 1243.0 1832.0 751.0 624.0 4071.0 5293.0 922.0 5242.0 4164.0
744.0 1559.0 3426.0 5480.0 3832.0 429.0 2043.0 1500.0 3302.0 97.0 5366.0 4727.0 3569.0 3130.0 4327.0 1633.0 4079.0 11.0 4057.0 3710.0 4609.0 738.0 4016.0 3389.0 4975.0 1412.0 5053.0 4694.0 1364.0 2229.0 2981.0 2141.0 4942.0 1055.0 6624.0 4164.0 3115.0 5642.0 1832.0 5293.0 922.0
6064.0 3130.0 1396.0 57.0 61593.0
744.0 1559.0 5053.0 5543.0 3832.0 429.0 1055.0 1500.0 1364.0 3302.0 2981.0 4079.0 3115.0 6077.0 3130.0 4942.0 6076.0 4327.0 1633.0 3909.0 6624.0 1646.0 11.0 1243.0 6177.0 4057.0 738.0 4038.0 5242.0
3317.0 3528.0 5086.0 2481.0 304.0 2678.0 2281.0
3995.0 1930.0
1633.0 511.0 107.0 234.0 3813.0 878.0
890.0 2812.0 3302.0 3048.0 200.0 3832.0 2098.0 97.0 4675.0 4108.0 1974.0 6064.0 3130.0 5988.0 1633.0 107.0 5938.0 11.0 3542.0 5538.0 4057.0 3710.0 4609.0 2923.0 2186.0 4823.0 1479.0 2602.0 2981.0 1634.0 5640.0 4488.0 412.0 5021.0 6624.0 751.0 1547.0 922.0 3607.0
890.0 3302.0 3048.0 1559.0 5086.0 3832.0 4474.0 2098.0 3115.0 97.0 1974.0 6064.0 3130.0 5988.0 1633.0 4243.0 11.0 3542.0 5640.0 4057.0 4609.0 1930.0 2923.0 2481.0 2678.0 4823.0 3758.0 3528.0 2981.0 1634.0 4108.0 4488.0 412.0 5021.0 4071.0 1547.0 922.0 5242.0 3607.0
65094.0 1559.0 5053.0 3832.0 429.0 1243.0 100.0 3395.0 3115.0 3130.0 4942.0 4327.0 4164.0 5366.0 6177.0 5242.0 4675.0
890.0 5907.0 2812.0 3302.0 3048.0 1321.0 3832.0 3787.0 79.0 2981.0 5882.0 3130.0 1633.0 107.0 5938.0 11.0 3542.0 922.0 1492.0 4609.0 6246.0 4083.0 1587.0 472.0 5121.0 3432.0 4108.0 2043.0 6624.0 444.0 6109.0 137.0 1539.0 4929.0 4253.0 3607.0
3302.0 1559.0 5053.0 5543.0 3832.0 429.0 1500.0 3115.0 6177.0 6077.0 3130.0 4942.0 4327.0 1646.0 6624.0 2187.0 1364.0 4038.0 3408.0 1243.0
6064.0 1436.0 990.0
64782.0 2988.0 65152.0 4324.0 5471.0 4360.0 6336.0 2184.0 63086.0 2726.0 7943.0 455.0 63083.0 6582.0
6064.0 511.0 6526.0 5202.0
3302.0 1578.0
7166.0 2927.0 2359.0 1671.0 64766.0 5103.0 5676.0 769.0
64782.0 65152.0 4324.0 6336.0 2184.0 6582.0 455.0 63083.0 65161.0
26439.0 7474.0 3277.0 40879.0 4469.0 7898.0
65049.0 64782.0 2988.0 65152.0 65157.0 6336.0 2726.0 455.0 63083.0
5907.0 744.0 3048.0 5480.0 3832.0 1500.0 1784.0 2726.0 97.0 5366.0 6177.0 3569.0 6064.0 1633.0 5293.0 4360.0 7943.0 2349.0 738.0 2374.0 987.0 2481.0 4975.0 769.0 5455.0 2675.0 3821.0 4694.0 1646.0 5641.0 3692.0 2521.0 4108.0 3325.0 5360.0 2229.0 5056.0 1832.0 5471.0 4922.0 1313.0 6624.0 3426.0 2602.0 429.0 450.0 3947.0 4607.0 3130.0 4705.0 4840.0 4327.0 1053.0 665.0 64766.0 3710.0 3525.0 6055.0 455.0 3389.0 317.0 2678.0 13470.0 5053.0 5066.0 5219.0 1579.0 624.0 2359.0 4929.0 5640.0 1106.0 272.0 6076.0 5021.0 1364.0 4458.0 2309.0 2097.0 1547.0 5242.0 3302.0 2191.0 4293.0 4591.0 335.0 2098.0 3115.0 6275.0 100.0 311.0 5538.0 4057.0 1492.0 3563.0 4016.0 1752.0 3697.0 4071.0 3213.0 2981.0 5000.0 4126.0 1412.0 1479.0 884.0 3748.0 3148.0 4675.0 1634.0 3197.0 6533.0 4285.0 5804.0 2206.0 2569.0 1465.0 2812.0 5882.0 1559.0 2043.0 399.0 3408.0 1974.0 1739.0 11.0 3201.0 4038.0 4609.0 5421.0 5358.0 3409.0 4908.0 1490.0 4945.0 4514.0 2186.0 4823.0 4978.0 1243.0 3528.0 3842.0 209.0 4727.0 2141.0 1993.0 4942.0 1055.0 5821.0 3296.0 710.0 751.0 7166.0 1480.0 2252.0 922.0 4397.0 4164.0
5907.0 744.0 5480.0 3832.0 1500.0 2098.0 97.0 5366.0 2981.0 3569.0 6064.0 1633.0 5293.0 5538.0 4057.0 1492.0 2349.0 738.0 4016.0 2374.0 1752.0 4975.0 1412.0 272.0 3821.0 1479.0 1055.0 884.0 3148.0 4675.0 1634.0 6077.0 5889.0 2206.0 1739.0 6624.0 1253.0 5056.0 1559.0 3426.0 429.0 2043.0 4869.0 4640.0 4079.0 4038.0 3130.0 4840.0 4327.0 1053.0 665.0 11.0 4607.0 3710.0 4058.0 4609.0 3302.0 4071.0 5358.0 2186.0 5053.0 5543.0 1832.0 1243.0 3842.0 4727.0 2141.0 1106.0 1993.0 4942.0 6076.0 1646.0 4164.0 6177.0 3115.0 751.0 3147.0 7166.0 5910.0 922.0 5242.0
511.0 1757.0 62357.0
64782.0 2988.0 65152.0 3201.0 63979.0 5471.0 6336.0 2184.0 6582.0 455.0 63083.0 2726.0
65152.0 64789.0 6336.0 2184.0 455.0 65039.0
890.0 710.0 3302.0 3048.0 3832.0 2043.0 2726.0 2098.0 97.0 6275.0 2981.0 1974.0 6064.0 2186.0 5988.0 2988.0 65152.0 107.0 11.0 2184.0 4609.0 2374.0 1752.0 2481.0 4675.0 2678.0 3130.0 4823.0 1412.0 1479.0 2532.0 4285.0 455.0 4727.0 5640.0 6194.0 3213.0 6624.0 1633.0 5471.0 1547.0 909.0 2252.0 922.0
756.0 744.0 1633.0
3276.0 3302.0 1559.0 3832.0 1466.0 429.0 2726.0 2098.0 3115.0 5366.0 2981.0 6064.0 3130.0 4327.0 4164.0 5293.0 11.0 4609.0 2374.0 4675.0 2678.0 3617.0 6275.0 4727.0 1412.0 5053.0 744.0 7943.0 1243.0 4942.0 3748.0 100.0 3213.0 1055.0 3296.0 1832.0 4071.0 909.0 2252.0 922.0 5056.0
2394.0 4942.0 6624.0 5642.0
890.0 1253.0 3302.0 3832.0 1055.0 1500.0 2098.0 2981.0 1474.0 6064.0 3130.0 2043.0 511.0 107.0 5056.0 1633.0 11.0 751.0 4609.0 4071.0 2374.0 922.0 6624.0
3302.0 1559.0 5053.0 5543.0 3832.0 855.0 429.0 1500.0 3115.0 4079.0 4038.0 6077.0 3130.0 4942.0 4327.0 1646.0 1243.0 1364.0 6177.0 5242.0
6064.0 511.0 6526.0 3387.0
511.0 3426.0 7166.0 2407.0 2096.0
63969.0 13246.0
3302.0 3048.0 174.0 1559.0 5053.0 5543.0 3832.0 429.0 1500.0 2623.0 1364.0 3115.0 6177.0 6077.0 3130.0 5988.0 4942.0 4327.0 1633.0 5021.0 4243.0 1646.0 1243.0 4607.0 4108.0 5640.0 1547.0 4038.0 3408.0 2923.0 4397.0
3276.0 3856.0 3302.0 1559.0 5053.0 3832.0 429.0 1055.0 1243.0 3748.0 2098.0 3115.0 6064.0 3130.0 4942.0 4327.0 4164.0 511.0 5056.0 5242.0
890.0 540.0 3302.0 3048.0 1559.0 4546.0 3832.0 429.0 2098.0 3115.0 1974.0 6064.0 3130.0 5988.0 4671.0 4327.0 1633.0 511.0 4243.0 11.0 3542.0 4057.0 4609.0 2923.0 2481.0 2678.0 4100.0 4907.0 4823.0 3528.0 2981.0 4108.0 4488.0 412.0 5021.0 6624.0 4071.0 1547.0 1539.0 107.0 922.0 4397.0
3302.0 1559.0 5053.0 5543.0 2602.0 429.0 4694.0 1500.0 3832.0 3115.0 6177.0 6077.0 3130.0 4942.0 4327.0 1646.0 1243.0 1364.0 3379.0 3408.0 4038.0
240.0 1547.0
1243.0 4499.0
3302.0 224.0 1559.0 5053.0 5543.0 3832.0 429.0 2043.0 1500.0 884.0 3115.0 6177.0 6077.0 3130.0 4942.0 4327.0 1633.0 6624.0 1646.0 11.0 1364.0 3408.0 203.0 4038.0 1243.0
4551.0 1634.0
12508.0 744.0
890.0 3302.0 3147.0 1559.0 3832.0 429.0 2043.0 5901.0 2098.0 3115.0 4675.0 6064.0 3130.0 4327.0 1633.0 511.0 107.0 11.0 1492.0 4609.0 2681.0 1479.0 2981.0 5353.0 3149.0 6194.0 6624.0 4164.0 2206.0 879.0 1539.0 922.0 5242.0
744.0 1559.0 4016.0 5480.0 3832.0 429.0 2043.0 1500.0 335.0 2098.0 3115.0 5366.0 4038.0 6064.0 3130.0 4327.0 1633.0 511.0 4079.0 665.0 11.0 1053.0 1492.0 4609.0 2349.0 3563.0 3302.0 3525.0 2374.0 4727.0 1412.0 5053.0 6624.0 1055.0 1364.0 2981.0 2141.0 4942.0 5056.0 5804.0 4228.0 1832.0 751.0 4071.0 5293.0 922.0 4164.0
890.0 1114.0 3302.0 3048.0 174.0 3723.0 3832.0 2043.0 2098.0 97.0 4929.0 5882.0 6064.0 3130.0 5988.0 1633.0 511.0 107.0 11.0 3542.0 5640.0 4057.0 3710.0 1492.0 4609.0 6246.0 1930.0 2923.0 1974.0 2678.0 2186.0 4823.0 3528.0 2981.0 4108.0 2481.0 4488.0 412.0 3787.0 5021.0 6624.0 6109.0 2948.0 1547.0 1539.0 4243.0 3266.0 922.0 4397.0 3607.0
63950.0 63969.0
744.0 4136.0 1559.0 4016.0 5480.0 3832.0 429.0 2043.0 1500.0 5901.0 335.0 3302.0 399.0 5366.0 3115.0 3569.0 3130.0 4327.0 1633.0 5293.0 4079.0 11.0 4038.0 4057.0 3710.0 4609.0 2349.0 738.0 4975.0 3563.0 2981.0 5053.0 1412.0 5219.0 1055.0 1364.0 4727.0 4163.0 2141.0 4942.0 6076.0 6624.0 5804.0 559.0 1832.0 751.0 4071.0 1480.0 922.0 4164.0
413.0 4136.0 511.0 4119.0 6526.0 5901.0
6064.0 511.0 6526.0 528.0
3276.0 3302.0 1559.0 5053.0 3832.0 429.0 1243.0 3748.0 2807.0 2098.0 3115.0 6064.0 3130.0 4327.0 511.0 5056.0 11.0
3276.0 744.0 1559.0 3832.0 429.0 2098.0 3010.0 3115.0 3569.0 6064.0 3130.0 4327.0 511.0 5293.0 11.0 4057.0 3710.0 4609.0 3302.0 2374.0 13470.0 5066.0 5053.0 4694.0 1243.0 3748.0 2981.0 1055.0 5056.0 1832.0 4071.0 922.0 6624.0
5353.0 1589.0
66306.0 1253.0 63568.0 6624.0 62860.0
511.0 1757.0 37582.0
63969.0 12706.0
3276.0 5907.0 744.0 3832.0 1500.0 2726.0 335.0 3302.0 3115.0 5366.0 3692.0 3569.0 6064.0 1633.0 5293.0 483.0 4609.0 4057.0 4360.0 1492.0 7943.0 2349.0 738.0 4016.0 2374.0 1752.0 3697.0 4975.0 3563.0 6077.0 6439.0 3513.0 3130.0 1412.0 2982.0 3821.0 1055.0 5795.0 4942.0 4675.0 2521.0 3197.0 429.0 3464.0 5056.0 5804.0 1832.0 5471.0 1701.0 1465.0 6624.0 3716.0 1559.0 3426.0 5901.0 6046.0 1466.0 4727.0 2043.0 2098.0 5657.0 4607.0 1739.0 4840.0 6223.0 4327.0 1053.0 511.0 6275.0 665.0 11.0 4038.0 100.0 3710.0 5664.0 5358.0 317.0 1490.0 6581.0 4514.0 5383.0 1634.0 5053.0 4978.0 5543.0 2963.0 1635.0 1243.0 3842.0 209.0 2981.0 5353.0 2141.0 1106.0 3213.0 6076.0 1646.0 5821.0 3296.0 4164.0 3001.0 1364.0 2309.0 751.0 4071.0 2252.0 922.0
40976.0 5901.0 5876.0 2058.0 413.0
890.0 2812.0 3302.0 3832.0 2043.0 2098.0 2981.0 1836.0 6064.0 3130.0 1633.0 511.0 1634.0 5056.0 11.0 751.0 4609.0 4071.0 107.0 2374.0 922.0 6624.0
6064.0 65094.0 744.0 4016.0 5053.0 3832.0 1479.0 1055.0 1500.0 2098.0 2981.0 3408.0 6194.0 3130.0 4942.0 2356.0 1646.0 511.0 665.0 1243.0 2206.0 6177.0 4609.0 4071.0 3697.0 6624.0
3276.0 6581.0 3302.0 1559.0 1412.0 5053.0 3832.0 429.0 1055.0 1500.0 3748.0 4727.0 3115.0 3130.0 4327.0 2645.0 1243.0 2252.0
511.0 1757.0 6136.0
5021.0 922.0 2923.0 2310.0
6064.0 511.0 6526.0 138.0
3404.0 2812.0 4488.0
3302.0 1559.0 5053.0 5543.0 3832.0 429.0 1500.0 1364.0 3115.0 4038.0 6077.0 3130.0 4942.0 6076.0 4327.0 1646.0 2843.0 6624.0 1243.0 6177.0 3408.0
3302.0 3600.0 1559.0 5053.0 5543.0 3832.0 429.0 1500.0 3115.0 4038.0 6077.0 3130.0 4942.0 4327.0 1646.0 107.0 1243.0 1364.0 6177.0 2349.0 3408.0
3302.0 3048.0 1559.0 1412.0 5053.0 3832.0 429.0 2043.0 1500.0 5910.0 2098.0 3115.0 4079.0 4727.0 6064.0 3130.0 4942.0 4327.0 1646.0 511.0 5056.0 710.0 1364.0 1053.0 6177.0 4399.0 4038.0 1633.0 3464.0 665.0 4164.0
879.0 5320.0
744.0 1559.0 5053.0 5543.0 3832.0 1479.0 429.0 1500.0 4266.0 1364.0 3302.0 3115.0 4079.0 6177.0 6077.0 3130.0 4942.0 4327.0 1633.0 1646.0 11.0 1243.0 2206.0 3408.0 4038.0 5242.0
3130.0 4942.0 1646.0 6046.0 5543.0 3832.0 6177.0 4189.0 1364.0 4869.0 4038.0 3408.0
740.0 1770.0 5664.0 5623.0 5200.0 5632.0 3716.0
3302.0 1559.0 5053.0 5543.0 3832.0 429.0 1500.0 2902.0 3115.0 1634.0 6177.0 6077.0 3130.0 4942.0 4327.0 1633.0 1243.0 1646.0 11.0 1364.0 4038.0 3408.0
2781.0 6624.0 744.0 3569.0
6077.0 3302.0 1486.0 1559.0 5053.0 5543.0 3832.0 429.0 1500.0 1364.0 2098.0 3115.0 3408.0 6064.0 3130.0 4942.0 4327.0 1646.0 511.0 5056.0 1243.0 6177.0 665.0 4038.0 3296.0
6077.0 3130.0 4942.0 65386.0 1646.0 5053.0 6177.0 5543.0 65381.0 4038.0 1500.0 3832.0 1364.0 3408.0
1911.0 5988.0 412.0 5021.0 5143.0 912.0 2678.0
890.0 6194.0 3302.0 3048.0 1559.0 5086.0 3832.0 1479.0 2043.0 3528.0 2098.0 1634.0 4108.0 1974.0 6064.0 3130.0 5988.0 412.0 1633.0 107.0 6624.0 11.0 5640.0 1492.0 4609.0 1547.0 1764.0 4823.0 922.0 2481.0 3607.0 2678.0
1253.0 65358.0
12172.0 744.0 5066.0 1559.0 5053.0 3832.0 429.0 4694.0 1500.0 2098.0 2981.0 3115.0 1243.0 3130.0 4942.0 4327.0 1055.0 5056.0 4164.0 11.0 2920.0 3710.0 4609.0 4727.0 6624.0 665.0
1635.0 4983.0 4942.0 11.0 2963.0
6077.0 1243.0 3302.0 1559.0 5053.0 3832.0 429.0 1500.0 5469.0 2098.0 3115.0 4079.0 4038.0 6064.0 3130.0 4942.0 4327.0 1646.0 511.0 665.0 1364.0 6177.0 5242.0
3276.0 3130.0 1559.0 1492.0 3115.0 2926.0
511.0 66440.0 1757.0
511.0 1757.0 2158.0
3302.0 1559.0 1412.0 5053.0 5543.0 3832.0 429.0 2043.0 1500.0 1364.0 2981.0 4079.0 3115.0 3569.0 1243.0 3130.0 4942.0 6076.0 4327.0 1633.0 6624.0 1646.0 11.0 785.0 6177.0 4727.0 4038.0 5242.0
13470.0 6615.0
2812.0 4488.0 5882.0 1633.0 4441.0
4720.0 2686.0 11.0 744.0
5021.0 795.0 1547.0 2923.0
1873.0 6246.0 5086.0 2281.0 4108.0 3228.0 2928.0 3528.0 4243.0 304.0 7017.0 1547.0
2705.0 21325.0 7715.0
3302.0 1559.0 1412.0 5053.0 5543.0 3832.0 2288.0 1500.0 3115.0 5538.0 4038.0 1243.0 3130.0 4942.0 4327.0 1646.0 107.0 429.0 1364.0 6177.0 2349.0 3408.0
5086.0 5524.0
4108.0 4397.0 3048.0 412.0 174.0 5349.0 53.0 471.0 1547.0 4243.0 4326.0 5640.0 5526.0
890.0 3130.0 3302.0 1633.0 922.0 6624.0 11.0 751.0 3832.0 2043.0 1500.0 4609.0 2981.0 1634.0 3115.0 2423.0
5021.0 2481.0 2580.0 2678.0 1790.0
5988.0 38.0
744.0 2191.0 5480.0 3832.0 1500.0 2098.0 97.0 5366.0 3569.0 6064.0 1633.0 4057.0 738.0 4016.0 2374.0 4975.0 3513.0 1412.0 3821.0 1479.0 1055.0 4675.0 1634.0 6624.0 2206.0 4945.0 2812.0 5882.0 1559.0 3426.0 429.0 2043.0 1168.0 5901.0 4079.0 3115.0 1974.0 3130.0 4327.0 107.0 665.0 11.0 4038.0 4609.0 2678.0 5053.0 4514.0 2186.0 4823.0 5219.0 1243.0 2981.0 5640.0 2141.0 6194.0 4942.0 6076.0 1646.0 5821.0 710.0 3048.0 751.0 4071.0 1480.0 922.0
6524.0 1633.0
3302.0 1559.0 5053.0 5543.0 3832.0 429.0 1055.0 1243.0 1364.0 3115.0 6177.0 6077.0 3130.0 5548.0 4942.0 4327.0 1646.0 6624.0 11.0 1500.0 3408.0 4038.0
6064.0 3302.0 1559.0 5053.0 5543.0 3832.0 429.0 1500.0 4814.0 1364.0 2098.0 3115.0 5353.0 6177.0 6077.0 3130.0 4942.0 4327.0 4164.0 511.0 5056.0 1646.0 1243.0 3408.0 879.0 665.0 4038.0 3296.0
1253.0 5056.0 63719.0
5349.0 34389.0 5526.0
5538.0 1211.0
5564.0 412.0
2481.0 5493.0
13470.0 23519.0
1114.0 4415.0 19.0
5907.0 744.0 1559.0 1467.0 5480.0 3832.0 429.0 2043.0 1500.0 2098.0 3115.0 5366.0 4675.0 3130.0 3349.0 11.0 4057.0 3710.0 1492.0 4609.0 3302.0 2374.0 1752.0 5358.0 4727.0 1412.0 5053.0 2963.0 1479.0 1055.0 5795.0 3842.0 2981.0 1634.0 4942.0 3935.0 5056.0 5804.0 2206.0 4945.0 751.0 4071.0 922.0 6624.0
744.0 2191.0 1559.0 4016.0 5480.0 3832.0 429.0 2043.0 1500.0 2098.0 3115.0 3947.0 5366.0 4038.0 3569.0 6064.0 3130.0 4327.0 1633.0 511.0 107.0 4079.0 11.0 4057.0 3710.0 4609.0 2349.0 738.0 3302.0 665.0 2374.0 2981.0 4975.0 1490.0 5053.0 5849.0 2186.0 1412.0 5219.0 1055.0 624.0 3842.0 3148.0 4727.0 2141.0 5056.0 958.0 1832.0 4071.0 5293.0 922.0 6624.0
1114.0 3048.0 1825.0 5497.0 5494.0 4108.0
511.0 2582.0 1757.0
511.0 1757.0 65515.0
890.0 3302.0 1559.0 3832.0 2043.0 2098.0 6064.0 3130.0 1633.0 511.0 107.0 5056.0 11.0 4609.0 4071.0 6140.0 922.0 6624.0
3140.0 3302.0 1559.0 5053.0 5543.0 3832.0 429.0 1500.0 1364.0 3115.0 4079.0 4038.0 6077.0 3130.0 4942.0 4327.0 1646.0 1243.0 6177.0 5242.0
625.0 3528.0 174.0 5086.0 2481.0
413.0 744.0 4136.0 5293.0 2686.0 1520.0 3710.0 5901.0 11.0 4163.0 3569.0
64782.0 65152.0 4324.0 65156.0 6336.0 2184.0 6582.0 455.0 63083.0
3710.0 6624.0 2229.0 6965.0
5053.0 744.0 1559.0 5480.0 5543.0 3832.0 429.0 1055.0 1500.0 884.0 1364.0 3302.0 3115.0 6177.0 2141.0 6077.0 3130.0 4942.0 4327.0 2043.0 6624.0 1646.0 11.0 1243.0 3408.0 4038.0 926.0
2142.0 1633.0
65158.0 65152.0 64789.0 6336.0 2184.0 455.0
2059.0 413.0 4136.0 3147.0
540.0 3048.0 5086.0 4546.0 3528.0 4108.0 1974.0 5988.0 2481.0 412.0 5021.0 4243.0 5640.0 1547.0 4823.0 6370.0 2923.0 4397.0 4792.0 2678.0 1930.0
3302.0 1559.0 5053.0 5543.0 3832.0 429.0 1500.0 3115.0 3408.0 61537.0 6077.0 3130.0 4942.0 4327.0 1646.0 5056.0 1364.0 6177.0 4038.0 1243.0
66306.0 64397.0
744.0 1559.0 3832.0 429.0 2043.0 1500.0 4869.0 3302.0 3115.0 6177.0 3569.0 13470.0 3130.0 4327.0 11.0 4057.0 3710.0 738.0 6055.0 4975.0 5066.0 5053.0 4694.0 1364.0 4942.0 2602.0 4727.0 2229.0 1055.0 5643.0 1646.0 1243.0 5421.0 5242.0 1313.0 6624.0
511.0 1757.0 4037.0
890.0 3130.0 3302.0 1633.0 6624.0 11.0 693.0 3832.0 2043.0 4609.0 922.0
3302.0 3048.0 1559.0 5053.0 5543.0 2602.0 429.0 1500.0 3832.0 97.0 6177.0 6077.0 3130.0 4942.0 4327.0 1633.0 6624.0 1646.0 11.0 1364.0 3408.0 1546.0 4038.0 1243.0 3115.0 4057.0
64766.0 2359.0 1671.0 11.0 3830.0 5103.0 769.0
3771.0 744.0 5066.0 6624.0 2781.0 3569.0
2486.0 2505.0 3266.0 412.0
511.0 1757.0 39003.0
6624.0 5053.0 3725.0
2812.0 744.0 2191.0 1559.0 4016.0 5480.0 3832.0 429.0 1500.0 2098.0 3115.0 5366.0 4607.0 3048.0 6064.0 3130.0 651.0 4327.0 1633.0 107.0 11.0 4057.0 3710.0 1492.0 4609.0 738.0 3302.0 4823.0 2374.0 1974.0 2678.0 3389.0 2186.0 4126.0 1412.0 5053.0 3821.0 1055.0 2981.0 2141.0 2481.0 4488.0 6076.0 6624.0 5804.0 4975.0 97.0 4071.0 1547.0 5293.0 3569.0 922.0 4397.0
5056.0 5969.0
413.0 4136.0 1089.0 5901.0 511.0 4163.0 6526.0
6624.0 5642.0 3302.0 6189.0 3569.0
12172.0 744.0 3048.0 4016.0 3832.0 429.0 1500.0 2098.0 97.0 3115.0 5882.0 6064.0 3130.0 1633.0 511.0 107.0 11.0 3542.0 4607.0 4057.0 3710.0 4609.0 3302.0 5086.0 2374.0 1974.0 4675.0 2678.0 592.0 5849.0 5066.0 4823.0 5053.0 1055.0 2981.0 1634.0 2141.0 3121.0 2481.0 4488.0 4694.0 6624.0 710.0 4071.0 1547.0 1539.0 5242.0 4164.0
744.0 1559.0 3426.0 5480.0 3832.0 429.0 2043.0 1500.0 3302.0 3115.0 5366.0 4038.0 3569.0 13470.0 2186.0 4327.0 1633.0 5293.0 4079.0 11.0 4057.0 3710.0 4609.0 2349.0 738.0 4016.0 3389.0 4975.0 3563.0 6072.0 5219.0 5066.0 3130.0 1412.0 5053.0 1055.0 1364.0 624.0 2602.0 4727.0 2141.0 4942.0 6076.0 4694.0 6624.0 3464.0 1832.0 922.0
472.0 3021.0
744.0 1559.0 4016.0 5480.0 3832.0 429.0 2043.0 1500.0 2098.0 3115.0 5366.0 4038.0 6064.0 3130.0 4327.0 1633.0 511.0 107.0 4079.0 11.0 4609.0 2349.0 3563.0 3302.0 4533.0 2981.0 5219.0 4140.0 1412.0 5053.0 6624.0 1479.0 1055.0 1243.0 624.0 3842.0 4727.0 2141.0 6194.0 4942.0 2569.0 5056.0 1053.0 1364.0 2206.0 1832.0 4071.0 4164.0 5293.0 922.0 5242.0 665.0
3276.0 744.0 64782.0 1559.0 4016.0 3832.0 429.0 1500.0 2726.0 2098.0 3115.0 6275.0 63083.0 6064.0 3130.0 4327.0 1053.0 65152.0 5293.0 11.0 2184.0 4360.0 4609.0 3302.0 2374.0 455.0 4675.0 65042.0 1490.0 64794.0 4727.0 5053.0 63091.0 7943.0 6336.0 4942.0 3748.0 5641.0 2981.0 2521.0 3213.0 1055.0 5056.0 2988.0 1243.0 1832.0 5471.0 4071.0 2252.0 922.0 6624.0
2358.0 5392.0
63085.0 64782.0 2988.0 65152.0 3201.0 5471.0 6336.0 2184.0 6582.0 455.0 2726.0
3302.0 1559.0 5053.0 5543.0 3832.0 429.0 1500.0 3115.0 3408.0 6077.0 3130.0 4942.0 1240.0 4327.0 1646.0 6624.0 11.0 1364.0 6177.0 4038.0 1243.0
2486.0 1099.0 3266.0 412.0
744.0 5056.0 1559.0 4016.0 5480.0 3832.0 429.0 2043.0 1500.0 2098.0 3115.0 5366.0 4038.0 6064.0 3130.0 4327.0 1633.0 5293.0 4079.0 11.0 5538.0 4057.0 3710.0 4609.0 2349.0 2141.0 3302.0 2374.0 2678.0 1490.0 5053.0 2186.0 4727.0 1412.0 5219.0 5414.0 3821.0 1055.0 1243.0 624.0 3842.0 2981.0 1634.0 4640.0 6076.0 4942.0 3829.0 6624.0 5804.0 4607.0 1832.0 4071.0 4164.0 1480.0 5910.0 922.0 665.0
511.0 1757.0 4134.0
6064.0 511.0 6526.0 4762.0
3130.0 1396.0 61593.0 1130.0
3749.0 3213.0
64782.0 2988.0 65152.0 65156.0 6336.0 2726.0 65046.0 455.0 63083.0
890.0 3302.0 3832.0 1479.0 2043.0 2726.0 2098.0 2981.0 6275.0 65055.0 6064.0 3130.0 2988.0 65152.0 2521.0 6624.0 1633.0 11.0 511.0 4609.0 4071.0 107.0 2374.0 455.0 922.0
6064.0 511.0 6526.0 3701.0
5988.0 4285.0 5882.0 2242.0 4126.0
890.0 3302.0 3832.0 2043.0 65381.0 2098.0 2981.0 1634.0 6064.0 3130.0 1633.0 511.0 107.0 5056.0 11.0 63969.0 751.0 4609.0 4071.0 2374.0 922.0 63940.0 6624.0
65152.0 64789.0 6336.0 2184.0 63108.0 455.0
6336.0 64782.0 65036.0
65030.0 65152.0 64789.0 6336.0 2184.0 455.0
62802.0 65152.0 64789.0 6336.0 2184.0 455.0
744.0 1559.0 4016.0 5480.0 3832.0 429.0 2043.0 1500.0 335.0 2098.0 3115.0 5366.0 4038.0 6064.0 3130.0 4327.0 1633.0 511.0 4079.0 665.0 11.0 4057.0 3710.0 4609.0 3563.0 3302.0 3389.0 4727.0 1412.0 5053.0 6624.0 1479.0 1055.0 1243.0 2229.0 2981.0 2141.0 6194.0 4942.0 3670.0 1053.0 1364.0 2206.0 1832.0 4071.0 4164.0 5293.0 5910.0 922.0 5242.0 5056.0
3276.0 3302.0 1559.0 5053.0 3832.0 429.0 1055.0 1243.0 3748.0 2098.0 2981.0 5353.0 3115.0 6064.0 3130.0 4327.0 4164.0 511.0 5056.0 3408.0 1492.0 879.0 5099.0
6077.0 3130.0 4942.0 1646.0 3408.0 5053.0 5543.0 3832.0 4038.0 1500.0 65381.0 1364.0 63557.0 6177.0
890.0 3302.0 7943.0 3832.0 66306.0 2043.0 63946.0 2098.0 2981.0 1634.0 6064.0 3130.0 1633.0 511.0 107.0 5056.0 11.0 63969.0 751.0 4609.0 4071.0 2274.0 62860.0 2374.0 922.0 6624.0
3276.0 744.0 4136.0 1559.0 3426.0 1520.0 3832.0 429.0 2043.0 1500.0 5901.0 2098.0 97.0 399.0 3569.0 13470.0 2186.0 12501.0 1633.0 511.0 5293.0 11.0 4057.0 3710.0 1492.0 4609.0 738.0 3302.0 2374.0 7166.0 3389.0 4975.0 6064.0 5066.0 3130.0 5053.0 4163.0 1479.0 1055.0 1243.0 413.0 3748.0 2981.0 1634.0 4327.0 6194.0 2229.0 6076.0 4694.0 5056.0 3115.0 2206.0 1832.0 751.0 3147.0 4071.0 4922.0 1480.0 922.0 6624.0
65152.0 64789.0 65057.0 6336.0 2184.0 455.0
13470.0 4694.0 23706.0 637.0 5066.0
64786.0 64794.0 64782.0 2988.0 65152.0 61987.0 5471.0 6336.0 2184.0 455.0 63083.0
64782.0 65152.0 4324.0 2184.0 6336.0 63104.0 6582.0 455.0 63083.0
511.0 3849.0 1757.0
7943.0 4821.0 2521.0
890.0 3302.0 3426.0 3832.0 2043.0 2098.0 4607.0 6064.0 2186.0 1633.0 511.0 107.0 11.0 5538.0 4057.0 3710.0 4609.0 2374.0 4675.0 70.0 5455.0 1479.0 7943.0 884.0 2981.0 1634.0 272.0 6076.0 1055.0 5056.0 6177.0 751.0 4071.0 3130.0 2252.0 922.0 6624.0
1114.0 5988.0 912.0 3048.0 5086.0 5983.0 4397.0 3528.0 4243.0 6370.0 2481.0 2678.0 4108.0 5882.0
6064.0 511.0 6526.0 533.0
744.0 1559.0 4016.0 5480.0 3832.0 429.0 2043.0 900.0 2098.0 3115.0 4079.0 4038.0 6064.0 3130.0 3829.0 1633.0 5366.0 665.0 11.0 5538.0 1492.0 4609.0 3563.0 3302.0 4727.0 1412.0 5053.0 1055.0 1364.0 884.0 2981.0 1054.0 2141.0 4942.0 4327.0 6624.0 1053.0 1500.0 1832.0 4164.0 5293.0 5910.0 922.0 5242.0 5056.0
6064.0 511.0 6526.0 66618.0
5898.0 3853.0 5056.0 5053.0
890.0 2943.0 1559.0 3832.0 429.0 2043.0 1500.0 2098.0 3115.0 2981.0 6064.0 2186.0 4327.0 1633.0 511.0 107.0 11.0 5538.0 4057.0 1492.0 4609.0 3302.0 3130.0 5053.0 1479.0 4675.0 6194.0 4285.0 6624.0 710.0 2525.0 4071.0 1539.0 922.0 5242.0 4164.0
4942.0 511.0 5053.0 958.0 429.0 6584.0
890.0 3302.0 3048.0 5882.0 4823.0 3832.0 2043.0 3528.0 2098.0 5640.0 4641.0 6064.0 3130.0 5988.0 1633.0 107.0 6624.0 11.0 4108.0 4057.0 4609.0 1974.0 1547.0 6246.0 922.0 2481.0 2678.0
744.0 3048.0 5480.0 3832.0 1500.0 2726.0 2098.0 3115.0 5366.0 2981.0 1633.0 5293.0 483.0 4609.0 3784.0 4057.0 4360.0 1492.0 7943.0 2374.0 1752.0 2481.0 4126.0 1412.0 3821.0 1479.0 1055.0 3213.0 5641.0 4675.0 1634.0 4285.0 5056.0 2206.0 1832.0 5471.0 909.0 6624.0 6582.0 2812.0 64782.0 1559.0 4016.0 429.0 2043.0 4079.0 63083.0 1974.0 3130.0 4327.0 2988.0 65152.0 6275.0 665.0 11.0 4607.0 3710.0 2184.0 3302.0 455.0 2678.0 1490.0 2186.0 4823.0 5053.0 6336.0 4727.0 2141.0 6194.0 4942.0 3296.0 710.0 1402.0 97.0 4071.0 1547.0 2252.0 922.0
3782.0 5053.0
2679.0 5988.0
5021.0 1114.0 2923.0 1491.0
3048.0 5373.0 5021.0 4243.0 5809.0 1547.0 3528.0 1930.0 2923.0 4397.0 4108.0
42793.0 987.0 5360.0
511.0 1757.0 5270.0
61685.0 65152.0 64789.0 6336.0 2184.0 455.0
890.0 3130.0 3213.0 3302.0 1633.0 6147.0 6624.0 11.0 3832.0 2043.0 751.0 4609.0 884.0 1634.0 922.0
3302.0 1559.0 1412.0 5053.0 5543.0 3832.0 429.0 2043.0 1500.0 4727.0 4079.0 3115.0 3130.0 4942.0 4327.0 1646.0 6624.0 1364.0 6177.0 1815.0 4038.0
13470.0 501.0 5066.0
1757.0 413.0 4136.0 5901.0 511.0 4163.0 732.0
5907.0 2812.0 3048.0 3690.0 4823.0 3821.0 884.0 16479.0 1634.0 4607.0 5882.0 272.0 412.0 5804.0 11.0 4108.0 751.0 3525.0 2678.0
3302.0 1559.0 5053.0 5543.0 3832.0 429.0 1243.0 1364.0 2981.0 3115.0 2575.0 6077.0 3130.0 4942.0 4327.0 1646.0 11.0 1500.0 6177.0 4038.0 3408.0 5242.0
511.0 1757.0 1779.0
2419.0 1042.0
6064.0 1253.0 2012.0 3130.0 62860.0 5053.0 1646.0 3832.0 3408.0 66306.0 1500.0 65381.0 40969.0 6177.0
744.0 1559.0 4016.0 5480.0 3832.0 429.0 2043.0 1500.0 335.0 2098.0 3115.0 5366.0 4038.0 6064.0 3130.0 4327.0 1053.0 4079.0 665.0 11.0 4609.0 3563.0 3302.0 2374.0 8280.0 4727.0 1412.0 5053.0 7943.0 1364.0 624.0 2981.0 2141.0 4942.0 1055.0 5056.0 1633.0 1832.0 4071.0 5293.0 922.0 5242.0 6624.0
6624.0 2931.0 4488.0
511.0 1757.0 4717.0
2521.0 7943.0 6561.0
511.0 1757.0 1368.0
4279.0 6624.0
5634.0 5901.0
4326.0 2583.0 6115.0 412.0 3048.0
890.0 3302.0 3426.0 3832.0 1055.0 2981.0 1634.0 4607.0 1185.0 3130.0 2043.0 107.0 6624.0 1633.0 11.0 4057.0 3710.0 4609.0 7166.0 4922.0 922.0 4975.0 738.0
6064.0 3130.0 744.0 6205.0 511.0 11.0 1060.0 3832.0 1055.0 2098.0
5488.0 1321.0
3130.0 744.0 1633.0 61593.0 1396.0 2456.0
1749.0 1633.0 511.0 6624.0 3379.0 3710.0
5569.0 2812.0 4488.0 5882.0 1633.0
5907.0 5804.0 744.0 1559.0 3426.0 5480.0 3832.0 429.0 2043.0 1500.0 2098.0 97.0 5366.0 4038.0 3569.0 3130.0 4327.0 1633.0 5293.0 4079.0 5066.0 11.0 4057.0 3710.0 4609.0 2349.0 738.0 3302.0 4016.0 1752.0 3389.0 4975.0 2186.0 4727.0 1412.0 5053.0 1479.0 1055.0 1364.0 624.0 5777.0 3842.0 3148.0 2981.0 922.0 2141.0 2229.0 6076.0 4694.0 5056.0 1053.0 3115.0 2206.0 1832.0 751.0 3147.0 1480.0 884.0 6624.0
65152.0 64789.0 6336.0 2184.0 455.0 65038.0
6064.0 511.0 6509.0 6526.0 5849.0
1114.0 4100.0 5021.0 4243.0 4108.0 1547.0 3528.0 2923.0 682.0 5640.0
511.0 1757.0 149.0
3048.0 1825.0 5743.0 5494.0 4397.0 4108.0
982.0 5988.0
511.0 4354.0 1757.0
8100.0 1396.0 61593.0 3130.0
890.0 5907.0 3302.0 1559.0 3832.0 429.0 2043.0 1500.0 2098.0 3115.0 6064.0 3130.0 4327.0 1633.0 107.0 4356.0 11.0 5538.0 4057.0 3710.0 4609.0 1752.0 5358.0 317.0 2186.0 5053.0 2963.0 1055.0 5795.0 209.0 1634.0 4942.0 5056.0 751.0 4071.0 1539.0 922.0 6624.0
6624.0 5537.0
890.0 3302.0 3832.0 2043.0 2098.0 2981.0 2521.0 4727.0 6064.0 3130.0 1633.0 511.0 1634.0 5056.0 11.0 4609.0 406.0 751.0 7943.0 4071.0 107.0 876.0 2252.0 922.0 6624.0
3302.0 1559.0 5053.0 5543.0 3832.0 429.0 1243.0 1364.0 3115.0 6177.0 6077.0 3130.0 4942.0 4327.0 1646.0 1500.0 3408.0 4038.0 2159.0
5519.0 3130.0 4942.0 1646.0 6046.0 5543.0 3832.0 6177.0 1364.0 4869.0 4038.0 3408.0
7943.0 5652.0
63969.0 13899.0
1634.0 613.0
1634.0 6163.0
511.0 1757.0 5633.0
6077.0 3130.0 4942.0 1646.0 5053.0 6177.0 5543.0 65381.0 4038.0 1500.0 3832.0 1364.0 65383.0 3408.0
4488.0 5535.0
