1752.0 11.0 1634.0 6624.0 1055.0 5358.0 2374.0 1500.0 744.0 6194.0 5053.0 738.0 1479.0 2726.0 4057.0 2206.0 5056.0 429.0 4071.0 1559.0 2981.0 3115.0 3710.0 3302.0 4016.0 4823.0 1633.0 922.0 4327.0 2252.0 4675.0 3716.0 4607.0 3697.0 209.0 6275.0 3569.0 2349.0 1053.0 4609.0 1106.0 1243.0 4942.0 6064.0 4840.0 3426.0 2098.0 3197.0 4727.0 1364.0 3821.0 3130.0 4038.0 1739.0 5641.0 3213.0 317.0 3832.0 2141.0 4978.0 2521.0 5383.0 455.0 3563.0 272.0 2043.0 5293.0 1465.0 665.0 1492.0 4164.0 6076.0 5804.0 1832.0 1490.0 5821.0 3147.0 5242.0 511.0 1412.0 5366.0 1646.0 3325.0 5360.0 751.0 4975.0 5219.0 2923.0 1547.0 5910.0 107.0 3296.0 3048.0 4126.0 4048.0 2678.0 1974.0
5640.0 5021.0 4108.0 3528.0 4397.0 5988.0 3542.0 4243.0 3787.0 6246.0 2481.0 5086.0 2812.0 97.0 4488.0 5882.0 4929.0 1930.0 4285.0 6109.0 5349.0 710.0 412.0 4945.0 2419.0 1539.0 3758.0 2186.0 3148.0 6318.0 2948.0 1965.0 3607.0 4823.0 3832.0 3130.0 3048.0 4609.0 1547.0 2678.0 2098.0 11.0 2923.0 2981.0 1974.0 1633.0 4057.0 3213.0 4675.0 1479.0 1752.0 4071.0
7943.0 7943.0 5907.0 5907.0 4360.0 2988.0 65152.0 6336.0 64782.0 63083.0 2184.0 63091.0 5471.0 6582.0 3001.0 1402.0 483.0 1701.0 64794.0 2982.0 2309.0 4514.0 3784.0 3513.0 3832.0 2098.0 3130.0 2726.0 4609.0 2374.0 738.0 6275.0 2252.0 5358.0 4071.0 455.0 4057.0 5056.0 11.0 2981.0 1500.0 5641.0 6194.0 7943.0 4727.0 6624.0 5053.0
5538.0 884.0 3832.0 2098.0 3130.0 4609.0
4458.0 3389.0 2229.0 4694.0 5066.0 13470.0 1480.0 2602.0 1784.0 3130.0 4609.0 3832.0 2981.0 3710.0 11.0 6624.0 4975.0 4057.0 1479.0 3426.0
4079.0 4079.0 5901.0 5353.0 4136.0 2681.0 413.0 879.0 6068.0 2098.0 511.0 6064.0 1492.0 4609.0 2981.0
335.0 3464.0 2231.0 1635.0 4591.0 4324.0 1851.0 624.0 5480.0 3409.0 2191.0 311.0 5543.0 3842.0 5795.0 406.0 987.0 5889.0 5047.0 3525.0 5455.0 3408.0 6177.0 6077.0 2963.0 1993.0 3349.0 4293.0 6046.0 4869.0 3947.0 3692.0 7166.0 2359.0 4922.0 769.0 3832.0 3130.0 2098.0 4609.0 738.0 4071.0 11.0 4057.0 2981.0 6624.0 744.0 2374.0 6194.0 5358.0 5056.0 1634.0 1500.0 1752.0 1479.0 2726.0 1055.0 5053.0 3710.0 429.0 3426.0 2206.0 922.0 209.0 2252.0 3302.0 1559.0 3115.0
5664.0 5623.0 3716.0
740.0 1000.0 1777.0 41.0 3373.0 932.0 1332.0 5200.0 3716.0 5664.0 5383.0 4048.0
5938.0 4278.0 3774.0 670.0 5316.0 4823.0 3130.0 4609.0 3832.0 4071.0 3048.0
47492.0 4908.0 1579.0 452.0 2675.0 262.0 13398.0 4609.0 3130.0 3832.0 2374.0 1634.0 11.0 751.0 1752.0 4607.0 2981.0
137.0 3432.0 1321.0 4083.0 3048.0 3787.0 6109.0 5640.0
2569.0 5000.0 4533.0 3748.0 3201.0 5215.0 3130.0 3832.0 2098.0 4609.0 2981.0
4546.0 4671.0 540.0 1145.0 1097.0 4792.0 4907.0 4823.0 3130.0 2678.0 3832.0 1547.0 2098.0 3048.0 4609.0 2981.0
1253.0 3721.0 1396.0 4058.0 4640.0 2098.0 3832.0 4609.0 3130.0
3266.0 3266.0 2274.0 63946.0 66306.0 62860.0 4071.0 4609.0 2098.0 3832.0 6064.0 2374.0
4163.0 4163.0 909.0 100.0 6439.0 3617.0 1466.0 5549.0 2532.0 2726.0 3832.0 2098.0 3130.0 2374.0 455.0 6275.0 4609.0 2252.0
4469.0 4469.0 4415.0 5524.0 1114.0 4823.0 2678.0 4108.0
1313.0 5421.0 6055.0 1800.0 3832.0 2098.0 4609.0 3130.0
2520.0 2520.0 3347.0 2058.0 5876.0 2407.0 40976.0 2098.0 3426.0 4609.0 2981.0 5901.0 511.0
912.0 6370.0 3016.0 1156.0 5143.0 4823.0 2678.0 3832.0 4108.0 1547.0 3528.0
2928.0 2281.0 7017.0 7715.0 4823.0 4108.0 3528.0 5086.0
4326.0 4326.0 5849.0 5849.0 7474.0 26439.0 7898.0 40879.0 4469.0
900.0 203.0 224.0 1054.0 3829.0 3130.0 4071.0 3832.0 4609.0
64766.0 64766.0 6581.0 2645.0 64786.0 3832.0 2252.0 2374.0 4609.0 455.0 6275.0 2726.0 3130.0
16479.0 2686.0 3130.0 3832.0 2098.0
471.0 5526.0 4108.0 4823.0
472.0 3021.0 4929.0 4823.0 5086.0
4100.0 4100.0 399.0 12501.0 1520.0 3130.0 4609.0 4975.0 3569.0 3832.0 3710.0
798.0 3567.0 5896.0 2252.0 3832.0 2098.0 406.0 2186.0 4609.0 3130.0 3213.0
1052.0 1060.0 5601.0 4823.0 3048.0 3832.0 4609.0
1671.0 5103.0 5676.0 7166.0 3426.0 2359.0
6079.0 1456.0 2678.0 4823.0
61593.0 63950.0 63969.0 3130.0 751.0 2374.0 4609.0
592.0 592.0 65381.0 36214.0 40969.0 63557.0 63940.0 65383.0 65386.0 2098.0 3130.0 3832.0 4609.0
174.0 2623.0 4823.0 4108.0 3832.0
2268.0 5665.0 2098.0 3130.0 4823.0 3832.0 2252.0 4609.0 4675.0
2486.0 1099.0 2505.0 5204.0 710.0 4823.0 412.0 3266.0 4108.0
2525.0 2943.0 5809.0 2098.0 3832.0 3130.0 4609.0 107.0
5494.0 1825.0 3537.0 3048.0 3832.0 3130.0 4823.0 5640.0
53.0 304.0 2580.0 4823.0 2678.0 4108.0
200.0 1349.0 4856.0 4823.0 3130.0 3048.0 3832.0 5640.0
4253.0 5121.0 3130.0 3832.0 4823.0
676.0 4934.0 4609.0 884.0 3832.0 2098.0
1168.0 1168.0 234.0 878.0 107.0 2678.0 4823.0
956.0 3455.0 740.0 5664.0 3373.0 3716.0
2358.0 5392.0 4823.0 2678.0 3528.0
3121.0 5879.0 4823.0 2678.0
3228.0 3591.0 4823.0 3048.0
3315.0 3315.0 3995.0 3995.0 625.0 5983.0 4823.0 4108.0
926.0 2504.0 4609.0 922.0 3832.0
1185.0 1185.0 1444.0 1444.0 1467.0 1467.0 2284.0 3559.0 3832.0 4823.0 3130.0 4609.0
2583.0 3723.0 4823.0 3048.0 3130.0
2705.0 2705.0 3137.0 3230.0 4823.0 1547.0 3832.0
3935.0 4705.0 2098.0 3832.0 3130.0
5202.0 6526.0 710.0 2098.0 2726.0 3832.0
5488.0 5488.0 6965.0 5642.0 3832.0 4609.0 3130.0 4975.0
