4609.0 3832.0 3130.0 2098.0
4016.0 11.0 2981.0 4057.0 738.0 6624.0 4071.0 744.0 5358.0 2374.0 1479.0 1752.0 1500.0 6194.0 2206.0 1055.0 5056.0 5053.0 2726.0 1634.0 429.0 3115.0 1559.0 3710.0 3302.0 4823.0 1633.0 922.0 4327.0 2252.0 4675.0 3716.0 4607.0 3697.0 209.0 6275.0 3569.0 2349.0 1053.0 1106.0 1243.0 4942.0 4840.0 6064.0 3426.0 3197.0 1739.0 4727.0 5641.0 3213.0 3821.0 1364.0 4038.0 317.0 2141.0 4978.0 5383.0 2521.0 455.0 665.0 4164.0 272.0 2043.0 3563.0 1492.0 5293.0 1465.0 3832.0 3130.0 2098.0 4609.0
2923.0 1547.0 2678.0 3048.0 5021.0 5640.0 4108.0 3528.0 4397.0 1974.0 5988.0 3542.0 2481.0 4243.0 3787.0 6246.0 4126.0 97.0 2812.0 4285.0 107.0 5086.0 4488.0 1539.0 412.0 4945.0 710.0 2419.0 1930.0 4929.0 6109.0 2186.0 3148.0 5882.0 5349.0 3758.0 4823.0 3832.0 3130.0 4609.0 2098.0 11.0 2981.0 1633.0 4057.0 3213.0 4675.0 1479.0 1752.0 2374.0 4071.0 744.0
5366.0 7943.0 751.0 5907.0 5804.0 6076.0 4975.0 4048.0 5360.0 3389.0 4694.0 2229.0 4458.0 5821.0 5219.0 1480.0 1832.0 1412.0 3296.0 4360.0 1490.0 2988.0 3325.0 3842.0 2191.0 3525.0 624.0 1646.0 3408.0 4514.0 6177.0 335.0 4591.0 3147.0 511.0 5910.0 5242.0 2569.0 5538.0 311.0 4079.0 884.0 5543.0 2309.0 987.0 5455.0 3692.0 6582.0 2982.0 3464.0 5795.0 406.0 5000.0 7166.0 4324.0 3409.0 4293.0 2231.0 1635.0 5889.0 2963.0 5480.0 3513.0 2184.0 64782.0 4869.0 1701.0 6336.0 63083.0 5471.0 3001.0 483.0 1851.0 65152.0 100.0 1993.0 6077.0 5664.0 3201.0 6223.0 3349.0 4705.0 16479.0 6046.0 2359.0 909.0 1466.0 1402.0 1579.0 3748.0 4922.0 5047.0 5421.0 2602.0 4058.0 2268.0 3829.0 2520.0 6055.0 1313.0 4533.0 4908.0 2097.0 2686.0 6439.0 5657.0 5901.0 399.0 63091.0 1016.0 3832.0 3130.0 2098.0 4609.0 2981.0 738.0 11.0 2374.0 4057.0 4071.0 6624.0 2726.0 744.0 6194.0 1752.0 5358.0 1500.0 1634.0 1055.0 1479.0 5056.0 5053.0 429.0 3710.0 3115.0 2252.0 2206.0 1559.0 3716.0 922.0 3302.0 6275.0 3426.0 1633.0 5641.0 4327.0 4823.0 3697.0 4016.0 4942.0 4675.0 3569.0 4607.0 455.0 4727.0 209.0 1243.0 6064.0 2349.0 1106.0 4840.0 5383.0 2521.0 3197.0 1053.0 1739.0 3821.0 3213.0 4038.0 1364.0 2043.0 272.0 317.0
4856.0 3607.0 5938.0 3432.0 3774.0 4278.0 5316.0 5494.0 670.0 3537.0 6318.0 200.0 1349.0 444.0 890.0 2948.0 472.0 3121.0 1965.0 5601.0 4326.0 1825.0 1060.0 3669.0 4641.0 3137.0 137.0 2902.0 4399.0 1052.0 3559.0 1587.0 79.0 3088.0 19.0 1114.0 220.0 5569.0 4441.0 174.0 1911.0 3404.0 1444.0 1495.0 3016.0 3270.0 5488.0 4083.0 1321.0 1407.0 3021.0 1836.0 5849.0 5535.0 5809.0 5983.0 4546.0 2583.0 540.0 53.0 6370.0 3723.0 3266.0 3591.0 2623.0 6079.0 1145.0 4907.0 4671.0 4792.0 4474.0 2679.0 5373.0 5066.0 592.0 625.0 471.0 3228.0 912.0 2580.0 5143.0 3086.0 3230.0 234.0 682.0 1156.0 1097.0 1456.0 4100.0 756.0 7017.0 5497.0 4415.0 304.0 2281.0 2928.0 1433.0 7715.0 795.0 3941.0 1873.0 2807.0 6288.0 2033.0 5215.0 3317.0 5124.0 2525.0 240.0 5665.0 1790.0 1764.0 4413.0 6638.0 1533.0 2637.0 39640.0 2705.0 2675.0 13398.0 2544.0 768.0 5777.0 47492.0 13470.0 262.0 5200.0 452.0 3888.0 4716.0 6147.0 3690.0 5526.0 4416.0 12501.0 5811.0 7495.0 38.0 637.0 651.0 3947.0 2284.0 2310.0 4823.0 3832.0 3130.0 4609.0 3048.0 1547.0 4108.0 11.0 2678.0 2981.0 5640.0 2098.0 1633.0 3528.0 4071.0 2374.0 2923.0 1634.0 5021.0 1752.0 4057.0 1974.0 4397.0 3710.0 5882.0 922.0 3787.0 2481.0 6624.0 2812.0 744.0 3213.0 4243.0 4675.0 5988.0 4488.0 1479.0 751.0 4607.0 3542.0 3302.0 5086.0 3716.0 6246.0 738.0 97.0 107.0 6109.0 4016.0 3569.0 4929.0 4126.0 1559.0 710.0 1930.0 4285.0 1055.0 1539.0 3115.0 5349.0 6064.0 2252.0 4694.0 429.0 412.0 2726.0 5293.0 1500.0 4945.0 4975.0 6194.0 2419.0 5053.0 5907.0 3148.0 3758.0 2186.0 3426.0 209.0 2141.0 4327.0 6076.0
1777.0 740.0 1000.0 41.0 3373.0 932.0 1332.0 5664.0 3716.0 5383.0
2407.0 4136.0 5353.0 2681.0 879.0 413.0 6068.0 2058.0 3347.0 40976.0 5876.0 3333.0 3671.0 3701.0 66618.0 5320.0 1089.0 732.0 4163.0 4119.0 4814.0 5099.0 3149.0 990.0 2096.0 5634.0 1779.0 37582.0 39003.0 65515.0 3387.0 2098.0 511.0 6064.0 4609.0 5901.0 1492.0 2981.0 6194.0 4164.0 3832.0 3147.0 3426.0 1739.0 3130.0 4978.0 3115.0 3697.0
5097.0 676.0 4934.0 70.0 5896.0 2698.0 2321.0 5597.0 3567.0 798.0 3159.0 1751.0 972.0 3663.0 5093.0 5989.0 876.0 6464.0 3418.0 1211.0 2896.0 6561.0 940.0 4356.0 3935.0 6065.0 4983.0 2423.0 6152.0 855.0 4189.0 5335.0 3400.0 2504.0 926.0 3832.0 3130.0 2098.0 4609.0 2252.0 751.0 2981.0 4675.0 11.0 2374.0 4057.0 2726.0 3213.0 5907.0 7943.0 4071.0 406.0 6624.0 1634.0 2186.0 6275.0 6194.0 272.0 1752.0 5641.0 884.0 5358.0 922.0 2521.0 744.0 5538.0 3716.0 1500.0 3710.0 738.0 429.0 5056.0 3302.0 1633.0 3148.0 1479.0 3426.0 1055.0 5053.0 1559.0 3115.0 5455.0
5652.0 63969.0 34775.0 2274.0 63946.0 61593.0 63950.0 63940.0 12706.0 13246.0 13899.0 1396.0 1474.0 35774.0 61538.0 63962.0 66306.0 1253.0 62860.0 40969.0 3721.0 63568.0 65358.0 4228.0 4640.0 2098.0 3832.0 4609.0 3130.0 4071.0 2374.0 5056.0 751.0 922.0 2206.0 5358.0 2981.0 6064.0 1500.0 744.0 7943.0 1055.0 5053.0 11.0
64794.0 64786.0 6581.0 64789.0 5549.0 3784.0 2532.0 3617.0 65046.0 65049.0 65157.0 61987.0 61685.0 1339.0 63086.0 65156.0 63085.0 63979.0 41210.0 2645.0 8280.0 65739.0 4730.0 5623.0 3455.0 63996.0 65042.0 65036.0 65161.0 65055.0 63104.0 63087.0 63092.0 63108.0 65030.0 65038.0 65039.0 65057.0 65158.0 62802.0 63093.0 35812.0 65045.0 65154.0 2726.0 65152.0 2374.0 455.0 2252.0 6275.0 3832.0 64782.0 6336.0 7943.0 2988.0 63083.0 5641.0 2098.0 5664.0 3130.0 2521.0 4609.0 4727.0 738.0 2184.0 5383.0 4360.0 5471.0 1402.0 922.0 3716.0 63091.0 3296.0 483.0 1490.0 1701.0 4071.0
769.0 5103.0 64766.0 3830.0 1671.0 5676.0 2927.0 3426.0 2359.0 7166.0 4609.0 3130.0 4057.0 4071.0 3710.0
900.0 1054.0 203.0 224.0 4071.0 3130.0 4609.0 3832.0 272.0
1520.0 559.0 3771.0 1168.0 2781.0 6189.0 6072.0 1784.0 3010.0 12172.0 501.0 5643.0 1996.0 2250.0 1546.0 2322.0 2843.0 648.0 23706.0 6615.0 23519.0 310.0 3794.0 1578.0 3130.0 4609.0 2981.0 3832.0 4694.0 4975.0 11.0 3710.0 4057.0 3426.0 6624.0 3569.0 1479.0 744.0 6076.0 3302.0 5066.0 1634.0 13470.0 3389.0 2186.0 97.0 1480.0 1752.0 738.0 2098.0 2374.0 3048.0
871.0 4469.0 34389.0 7474.0 26439.0 7898.0 3277.0 6832.0 7489.0 40879.0 5349.0
205.0 3118.0 370.0 1286.0 6220.0 4513.0 811.0 5807.0 62650.0 5726.0 1788.0 6583.0 5245.0 2995.0 62645.0 3889.0 1868.0 6446.0 8211.0 37702.0 63578.0 4823.0 4100.0 6079.0 7495.0 1456.0 7474.0 4546.0 4108.0 4671.0 3086.0 1145.0 1547.0 3317.0 682.0 1097.0 2679.0 5640.0 5373.0 5124.0 6370.0 4907.0 38.0 240.0 871.0 5021.0
5414.0 2600.0 3772.0 2456.0 3379.0 8100.0 3395.0 4503.0 567.0 2719.0 698.0 2458.0 5519.0 3832.0 3130.0 4609.0 4071.0 6194.0 2098.0 738.0 744.0 1055.0 5358.0 5538.0 11.0 3710.0 3697.0 5907.0
2881.0 958.0 6509.0 6205.0 4140.0 1749.0 6526.0 5202.0 4134.0 3813.0 4162.0 1757.0 4717.0 5270.0 6136.0 5633.0 2098.0 3832.0 511.0 4609.0 6064.0 107.0 11.0 3130.0 2981.0 1559.0 5907.0 6275.0 97.0 744.0 3115.0 1633.0 5242.0 4327.0 6624.0 5849.0 429.0 1055.0 1500.0 1547.0 3302.0
2758.0 12508.0 1669.0 2242.0 3749.0 16189.0 3982.0 4266.0 4720.0 414.0 2455.0 4832.0 4902.0 6163.0 8302.0 62565.0 63111.0 6269.0 751.0 4609.0 11.0 4823.0 5907.0 2374.0 1634.0 3710.0 1752.0 4607.0 5882.0 744.0 884.0 3130.0 1633.0 3213.0 3716.0 5360.0 2812.0 5641.0 987.0
3276.0 3670.0 2575.0 6432.0 3909.0 785.0 450.0 1185.0 5260.0 6533.0 5642.0 5537.0 4279.0 6965.0 3130.0 3832.0 4609.0 2374.0 2981.0 738.0 11.0 2098.0 1752.0 429.0 3115.0 6624.0 1559.0 1634.0 4057.0 1243.0 4327.0 1500.0 4607.0
1.0 2486.0 1099.0 2505.0 5204.0 934.0 153.0 180.0 1037.0 2714.0 5564.0 5743.0 7066.0 34727.0 38015.0 34072.0 4823.0 710.0 4108.0 412.0 3266.0 1547.0 4243.0 2812.0 5021.0 5640.0 7017.0
7991.0 35851.0 2308.0 6969.0 38453.0 632.0 2837.0 19916.0 6967.0 696.0 5076.0 5197.0 7256.0 7528.0 63873.0 7166.0 769.0 2927.0 3426.0 5103.0 5676.0
4462.0 3315.0 4823.0 3716.0 3832.0
2997.0 36955.0 3111.0 6115.0 833.0 6191.0 29427.0 6377.0 2678.0 2481.0 1873.0 4100.0 7495.0 4823.0
2667.0 4253.0 5121.0 5548.0 2159.0 2926.0 6524.0 469.0 1513.0 3613.0 3832.0 3130.0 4823.0 4609.0 1634.0 922.0 1492.0
6807.0 2357.0 63477.0 736.0 4823.0 2678.0 4108.0 3832.0
4551.0 2755.0 3656.0 5898.0 24667.0 31258.0 63121.0 63180.0 63181.0 63938.0 63939.0 63943.0 3130.0 751.0 4071.0 4609.0 2374.0 7943.0 11.0 1634.0 2981.0 5056.0 4607.0 1752.0 3710.0 63969.0
2920.0 6584.0 3856.0 3832.0 2098.0 3130.0 1634.0
4026.0 3495.0 3212.0 3249.0 693.0 807.0 3853.0 4617.0 5948.0 5960.0 3832.0 3130.0 4071.0 11.0 3048.0 209.0 1633.0 1752.0 2520.0 5538.0 5882.0 1930.0 4823.0 97.0
1800.0 1800.0 5042.0 649.0 724.0 4330.0 6127.0 28358.0 32462.0 36471.0 40902.0 45124.0 65080.0 39631.0 2928.0 4243.0 5086.0 472.0 1873.0 2281.0 2481.0 2637.0 3228.0 3528.0 6079.0 7017.0 39640.0
5376.0 2187.0 3505.0 2761.0 1240.0 6422.0 4529.0 26254.0 3476.0 5181.0 65481.0 4609.0 4071.0 6194.0 3130.0 2678.0 1752.0 3832.0 4978.0 1500.0 3829.0 738.0 744.0 1313.0 4675.0 6109.0 2252.0
824.0 1730.0 956.0 5632.0 66654.0 5987.0 5664.0 3716.0 740.0 5200.0 1000.0 5623.0 1777.0 4048.0
64961.0 1589.0 844.0 2276.0 4150.0 5283.0 28705.0 3832.0 5353.0 1492.0 2981.0 3302.0 4108.0 4607.0
2142.0 77.0 104.0 1254.0 1368.0 1585.0 2427.0 3880.0 511.0 3832.0 710.0 4071.0 2374.0 1633.0 5849.0 744.0
63557.0 65381.0 36214.0 65383.0 65386.0 2098.0 3130.0 3832.0
1629.0 3287.0 4862.0 2595.0 4963.0 1770.0 32299.0 5769.0 5664.0 3716.0 738.0 5200.0 3832.0 4048.0 1000.0 5383.0 5623.0 932.0 1777.0
5879.0 3995.0 5334.0 3344.0 6316.0 5493.0 4806.0 5402.0 4823.0 2678.0 2481.0 3130.0 5021.0 1547.0 4488.0
2394.0 61963.0 2396.0 1871.0 1943.0 2386.0 5317.0 5907.0 4942.0 2963.0 3832.0
1486.0 3600.0 445.0 1104.0 2018.0 2294.0 3622.0 3130.0 3832.0 107.0 738.0 4071.0 3302.0 4057.0 4609.0 2981.0 4607.0
64397.0 36201.0 63555.0 63559.0 63556.0 63560.0 63563.0 63557.0 63568.0
1080.0 32536.0 35775.0 36255.0 36299.0 62181.0 62182.0 63213.0 2098.0 3832.0 6064.0 4071.0 66306.0 4609.0 2374.0 2726.0 62860.0
982.0 5302.0 5963.0 3104.0 3048.0 4108.0 4243.0
66606.0 66614.0 8369.0 8455.0 66605.0 66611.0 66619.0 272.0 3525.0 6336.0 12706.0 66618.0
3080.0 1436.0 138.0 4762.0 65094.0 533.0 4935.0 66440.0 6064.0 511.0 2098.0 6194.0 1492.0 3832.0 4609.0 5901.0
1821.0 1441.0 6140.0 42793.0 62094.0 62090.0 5455.0 4609.0 987.0 3130.0 3832.0 4071.0 5360.0
4073.0 2059.0 1884.0 3859.0 4726.0 4975.0 5901.0 1479.0 1752.0 413.0 3147.0 3569.0 4136.0 4163.0 4488.0
1042.0 3240.0 4873.0 1467.0 3403.0 710.0 4609.0 2252.0 4285.0 4675.0 6624.0
2828.0 247.0 63410.0 63688.0 63695.0 63697.0 137.0 1321.0 3048.0 4083.0 97.0 3432.0 3607.0 3787.0 4326.0 5488.0 5640.0 6109.0
1278.0 2840.0 6976.0 64953.0 64954.0 64955.0 4071.0 1800.0 2602.0 4057.0 4609.0 5901.0 1055.0 2206.0 6068.0 6624.0 64961.0
2356.0 2012.0 22445.0 1815.0 3832.0 2098.0 3130.0 4609.0
2233.0 1528.0 2741.0 3515.0 5511.0 4823.0 3266.0 2481.0 1286.0 1993.0
2943.0 2288.0 1841.0 3140.0 2098.0 107.0 3130.0 3832.0 4609.0
5524.0 1491.0 4741.0 120.0 2358.0 5392.0 2422.0 4823.0 2678.0 4415.0 5021.0
701.0 993.0 64778.0 64779.0 64796.0 3832.0 738.0 4609.0 1634.0 2252.0 2374.0 5056.0 6194.0
6271.0 5806.0 1130.0 3130.0 2726.0 710.0 3832.0 2981.0
4499.0 6184.0 26344.0 6465.0 2098.0 3832.0 2678.0
902.0 21325.0 4010.0 7826.0 4823.0 7715.0 4108.0 3528.0
878.0 753.0 2137.0 2303.0 4823.0 107.0 2678.0 3048.0 3528.0 234.0 412.0 1634.0 3130.0 4108.0
65723.0 4398.0 45841.0 49744.0 2419.0 2098.0 5652.0 2252.0 5056.0
66431.0 66431.0 505.0 255.0 1905.0 6171.0 2678.0 3832.0 6064.0 4823.0 11.0 3048.0 4057.0 4609.0
1028.0 1196.0 6544.0 3832.0 3426.0 7166.0
3876.0 1411.0 2213.0 4823.0 3048.0
62902.0 62905.0 62907.0 62911.0 3426.0 7166.0 65156.0
59.0 613.0 3126.0 4411.0 751.0 4823.0 47492.0 11.0 1634.0 2374.0 4607.0 4609.0
149.0 3849.0 4354.0 62357.0 2098.0 511.0 5353.0
821.0 2713.0 3524.0 62904.0 2252.0 2186.0 97.0 406.0 922.0 1851.0 2419.0 2521.0 3213.0 3716.0 4675.0 5641.0
2209.0 5127.0 48735.0 6522.0 4100.0 180.0 1764.0
62863.0 62866.0 62868.0 62891.0 4609.0 62860.0 744.0 1500.0 2229.0 3389.0 6624.0
3725.0 3782.0 3832.0
7342.0 12391.0 8059.0 5455.0 3426.0 2359.0 7166.0
2931.0 743.0 2106.0 2678.0 751.0 4609.0
49.0 2465.0 5501.0 4823.0 2678.0 3048.0 1547.0 4609.0
57.0 4721.0 5469.0 3130.0 3832.0 2098.0 4609.0 6064.0
243.0 404.0 3899.0 3130.0 3302.0 4057.0 5056.0 6194.0
758.0 2236.0 3435.0 4108.0 3048.0 1633.0 3528.0 4243.0 4488.0 5349.0
3416.0 8083.0 24515.0 740.0 956.0 1000.0 66431.0
4037.0 61596.0 61598.0 3130.0 2374.0 2981.0 3115.0 1559.0
4635.0 61418.0 61450.0 65152.0 2184.0 6336.0 65161.0
7569.0 8170.0 66730.0 3832.0 2927.0 3426.0
8233.0 1183.0 8238.0 2374.0 3130.0 6064.0 4071.0 4609.0
2030.0 38609.0 3426.0
3741.0 39635.0 2678.0 4823.0 3048.0 4108.0 4929.0 5882.0
4755.0 14581.0 3832.0 1492.0 4609.0
7061.0 30013.0 3426.0 3830.0 7166.0
63719.0 63720.0 2098.0
35579.0 35579.0 2161.0 2104.0 1547.0 4823.0 412.0 4108.0
4095.0 66438.0 2098.0 3832.0
5969.0 1197.0 3130.0 4609.0 738.0 2726.0
8219.0 38377.0 2359.0
40973.0 2328.0 1930.0 4071.0 66306.0
6208.0 2565.0 3426.0 1671.0 3130.0
777.0 38619.0 5664.0
792.0 3920.0 2098.0 1559.0 3302.0 107.0 710.0 3130.0 3832.0
1113.0 3361.0
1892.0 62630.0 3048.0 1547.0 2812.0 5021.0 5938.0
2467.0 2467.0 2570.0 7694.0 4823.0 3048.0
2747.0 2747.0 3045.0 5933.0 4108.0 1547.0 4100.0 4243.0 5021.0 5349.0
3427.0 4325.0 4609.0 3832.0 6624.0 2374.0
3790.0 7776.0 7943.0 2098.0
4121.0 5975.0 4823.0 4609.0 2678.0
4308.0 5503.0 3832.0
5016.0 63723.0 884.0 4609.0 710.0
5486.0 5486.0 6210.0 6210.0 6560.0 6560.0 11278.0 66134.0 4609.0 3130.0 3426.0 4071.0 64766.0
12142.0 30946.0 26439.0 4469.0 7474.0
26614.0 30914.0 26439.0
32182.0 32182.0 35375.0 35375.0 38448.0 38448.0 45084.0 45084.0 61537.0 61537.0 64984.0 40963.0 62911.0
